tree
version=v4
num_class=1
num_tree_per_iteration=1
label_index=0
max_feature_idx=9
objective=regression_l1
feature_names=event_cause event_type corridor hour dow month is_weekend latitude longitude corridor_recent_count
feature_infos=-1:13:5:0:2:10:12:1:6:7:15 -1:1:0 -1:11:10:19:2:3:7:9:12:15:16:14:18:21:1:5:13:17:20:6:0:8 [0:23] [0:6] [1:12] [0:1] [12.8193862:13.267510400000001] [77.390820099999999:77.758028600000003] [0:225]
tree_sizes=2568 2739 2765 2772 2782 2760 2747 2780 2769 2759 2777 2791 2758 2752 2778 2764 2762 2760 2783 2762 2773 2797 2765 2769 2787 2758 2766 2774 2781 2764 2794 2797 2781 2780

Tree=0
num_leaves=31
num_cat=2
split_feature=0 2 4 5 8 7 9 7 8 8 8 7 9 7 7 8 8 5 9 9 9 9 4 9 9 9 8 4 8 8
split_gain=45.3202 17.7041 9.07251 9.59324 13.4338 8.28837 6.45369 5.47376 5.23279 8.86804 5 4.69925 4.34291 4.30652 9.80138 3.88556 12.12 4.0366 5.29412 3.63002 3.24913 5.74662 3.00895 4.50932 3.53825 3.50404 2.76629 2.7 2.41429 2.40911
threshold=0 1 5.5000000000000009 6.5000000000000009 77.570883350000017 12.986609600000001 17.500000000000004 13.038984050000002 77.604350050000008 77.636413500000018 77.61236670000001 12.942589050000002 116.50000000000001 12.987510100000002 13.003473350000002 77.633139900000018 77.586805550000022 1.5000000000000002 20.500000000000004 120.50000000000001 102.50000000000001 12.500000000000002 5.5000000000000009 22.500000000000004 23.500000000000004 21.500000000000004 77.681387200000003 3.5000000000000004 77.542107900000019 77.570883350000017
decision_type=9 9 2 2 2 2 2 2 2 2 2 2 2 2 2 2 2 2 2 2 2 2 2 2 2 2 2 2 2 2
left_child=1 8 3 15 5 -5 10 -2 22 -10 -6 -8 20 -13 -15 16 17 19 -19 -3 21 -4 24 -24 25 -1 -16 -12 -7 -20
right_child=7 2 12 4 6 28 11 -9 9 -11 27 13 -14 14 26 -17 -18 18 29 -21 -22 -23 23 -25 -26 -27 -28 -29 -30 -31
leaf_value=3.7975651741027834 3.8474812269210816 3.807935082912445 3.7899946868419647 3.8434444904327392 3.8437203049659727 3.8249695181846617 3.8323981046676634 3.8764054894447328 3.8336454391479493 3.7989581167697906 3.8155746340751646 3.8042043864727022 3.8223533987998963 3.8379613161087036 3.8038500308990479 3.8077618241310121 3.8314730644226076 3.8151667475700379 3.770945167541504 3.8261534452438353 3.796134316921234 3.816750705242157 3.8237452387809752 3.7986455678939821 3.8060078382492066 3.8040681004524233 3.8320315361022947 3.8282974243164061 3.8081065773963929 3.795750153064728
leaf_weight=120 203 57 32 43 30 24 31 76 21 32 40 46 25 25 51 113 119 30 20 40 24 42 25 21 109 23 22 20 21 31
leaf_count=120 203 57 32 43 30 24 31 76 21 32 40 46 25 25 51 113 119 30 20 40 24 42 25 21 109 23 22 20 21 31
internal_value=3.81787 3.81373 3.81754 3.81957 3.82561 3.84254 3.81999 3.8357 3.80438 3.81848 3.83087 3.8144 3.80494 3.81059 3.81652 3.81437 3.81737 3.80911 3.80087 3.81599 3.80019 3.80538 3.80143 3.81319 3.79928 3.79411 3.80726 3.82254 3.82754 3.79107
internal_weight=1516 1237 886 763 353 88 265 279 351 53 90 175 123 144 98 410 297 178 81 97 98 74 298 46 252 143 73 60 45 51
internal_count=1516 1237 886 763 353 88 265 279 351 53 90 175 123 144 98 410 297 178 81 97 98 74 298 46 252 143 73 60 45 51
cat_boundaries=0 1 2
cat_threshold=8193 2769922
is_linear=0
shrinkage=1


Tree=1
num_leaves=31
num_cat=2
split_feature=0 2 5 7 7 7 8 3 7 7 8 7 8 8 9 5 7 7 7 7 8 7 9 9 3 9 5 3 3 3
split_gain=35.0688 16.5274 6.5143 9.09051 5.71896 4.84983 5.02909 5.55125 4.73058 6.66558 15.0366 4.82857 4.64937 5.80787 6.11647 4.50136 4.23616 4.05101 3.96186 3.47845 4.2793 8.03137 5.68552 3.24 3.0963 3.0089 2.98655 2.89403 2.79066 3.9856
threshold=0 1 6.5000000000000009 13.003473350000002 13.038984050000002 13.014140150000001 77.629984950000008 6.5000000000000009 12.994303750000002 12.975314250000002 77.585655100000011 12.879511000000003 77.623720050000017 77.602645050000021 13.500000000000002 6.5000000000000009 12.974092650000001 12.906656470000003 12.98893415 12.980453250000002 77.597480000000004 12.964948000000001 9.5000000000000018 32.500000000000007 5.5000000000000009 89.500000000000014 11.500000000000002 8.5000000000000018 1.5000000000000002 6.5000000000000009
decision_type=9 9 2 2 2 2 2 2 2 2 2 2 2 2 2 2 2 2 2 2 2 2 2 2 2 2 2 2 2 2
left_child=1 19 12 8 15 -5 7 -7 9 10 -4 -12 13 -3 -15 18 27 -14 25 20 28 22 -22 -18 -6 -2 -11 -17 -1 -30
right_child=4 2 3 5 24 6 -8 -9 -10 26 11 -13 17 14 -16 16 23 -19 -20 -21 21 -23 -24 -25 -26 -27 -28 -29 29 -31
leaf_value=-0.01920659303665162 0.029347730875015257 -0.0036289516091346677 0.022368000149726865 -0.021925680637359626 0.039988028407096858 -0.011129610836505889 0.014600536823272715 0.012359300255775453 0.019401448965072635 0.012611811161041264 0.027198041081428537 -0.0032023271918296906 0.0032873672246932942 -0.011022410839796071 0.018624033927917474 0.030617691278457638 0.033720351457595825 -0.014169916212558753 0.030947781801223751 -0.017624030113220224 -0.019774603247642509 0.012113127410411829 0.019065507650375371 -0.0028130638599395798 0.088991629481315615 -0.014971934556961065 -0.012244572341442118 0.0737344753742218 0.00095471382141112395 -0.011258065402507789
leaf_weight=23 43 250 49 29 30 48 24 45 27 23 20 70 23 20 27 23 25 88 36 201 31 34 20 20 41 34 44 21 55 78
leaf_count=23 43 250 49 29 30 48 24 45 27 23 20 70 23 20 27 23 25 88 36 201 31 34 20 20 41 34 44 21 55 78
internal_value=0.000199734 -0.00343019 0.000941029 0.00567282 0.0160777 -0.00410959 0.00042735 -0.00483871 0.0118026 0.0092233 0.0154676 0.00333333 -0.00343137 -0.00016835 0.0159574 0.0123762 0.0207865 -0.0121622 0.00575221 -0.0110619 -0.00726141 0.00176471 -0.0107843 0.01 0.0288732 -0.000649351 -0.00373134 0.0318182 -0.0121795 -0.0093985
internal_weight=1502 1229 787 379 273 146 117 93 233 206 139 90 408 297 47 202 89 111 113 442 241 85 51 45 71 77 67 44 156 133
internal_count=1502 1229 787 379 273 146 117 93 233 206 139 90 408 297 47 202 89 111 113 442 241 85 51 45 71 77 67 44 156 133
cat_boundaries=0 1 2
cat_threshold=8193 2937858
is_linear=0
shrinkage=0.05


Tree=2
num_leaves=31
num_cat=2
split_feature=0 2 4 9 7 9 3 9 3 9 3 9 4 7 8 8 7 9 9 8 7 8 3 7 8 7 7 9 8 9
split_gain=40.5423 10.0581 13.1679 7.60785 7.60942 6.14239 7.08456 5.79208 5.43342 5.33419 4.54731 5.83522 6.31874 5.80684 4.43183 4.43466 4.13431 3.61026 3.51788 7.33071 4.28652 3.40518 3.35746 8.44101 4.29545 4.03926 3.30449 3.27525 7.4498 4.82888
threshold=0 1 5.5000000000000009 4.5000000000000009 12.959801500000003 121.50000000000001 19.500000000000004 16.500000000000004 1.5000000000000002 102.50000000000001 6.5000000000000009 23.500000000000004 2.5000000000000004 12.964276850000003 77.623720050000017 77.598289650000012 12.920993000000001 119.50000000000001 9.5000000000000018 77.594488500000011 12.966275500000002 77.596900850000011 4.5000000000000009 12.987510100000002 77.705481800000015 13.002672500000001 13.025435900000002 107.50000000000001 77.57214070000002 24.500000000000004
decision_type=9 9 2 2 2 2 2 2 2 2 2 2 2 2 2 2 2 2 2 2 2 2 2 2 2 2 2 2 2 2
left_child=1 8 3 -3 5 6 14 -4 -1 -9 18 12 -12 -13 15 -5 -2 -11 -10 20 -20 27 23 -6 -24 -25 -22 29 -29 -18
right_child=16 2 7 4 22 -7 -8 9 10 17 11 13 -14 -15 -16 -17 21 -19 19 -21 26 -23 24 25 -26 -27 -28 28 -30 -31
leaf_value=-0.018535398066043873 -0.0066431427597999585 0.0099742556512355755 -0.024718009814620023 0.0055698777139186811 -0.018349861994385708 0.01525386913865805 -0.020966897815465926 0.0091734447777271251 -0.017128004550933839 -0.019899894177913671 -0.024482875585556042 -0.0092119234949350481 -0.0063049113899469548 0.0078036910369992281 -0.0071060760915279356 0.019194229695945975 0.022791543543338778 -0.00093710345774888903 0.0054963736534118686 0.017400661438703537 -0.021982745647430413 0.042376910433173182 0.0032775656282901799 0.021243194177746762 -0.0093465413302183283 -0.0074809602349996673 -0.0002066655158996511 -0.012455559432506558 0.029853779911994938 0.071710292041301735
leaf_weight=54 21 39 41 41 43 68 35 20 27 30 72 41 85 26 31 22 56 22 38 36 23 110 308 29 28 65 25 25 24 31
leaf_count=54 21 39 41 41 43 68 35 20 27 30 72 41 85 26 31 22 56 22 38 36 23 110 308 29 28 65 25 25 24 31
internal_value=0.000923483 -0.00289913 0.000360577 0.0028914 0.00164179 0.00989848 0.00348837 -0.0154867 -0.0090389 -0.00694444 -0.00710456 -0.0116071 -0.016879 0.000746269 0.0106383 0.018254 0.018231 -0.0153846 -0.00033557 0.00327869 -0.00465116 0.0207317 -0.00179704 -0.00839416 0.000892857 0 -0.0145833 0.0154412 0.00510204 0.0212644
internal_weight=1516 1249 822 709 670 197 129 113 427 72 373 224 157 67 94 63 267 52 149 122 86 246 473 137 336 94 48 136 49 87
internal_count=1516 1249 822 709 670 197 129 113 427 72 373 224 157 67 94 63 267 52 149 122 86 246 473 137 336 94 48 136 49 87
cat_boundaries=0 1 2
cat_threshold=8321 3036162
is_linear=0
shrinkage=0.05


Tree=3
num_leaves=31
num_cat=2
split_feature=0 3 2 7 9 9 4 9 9 4 7 3 9 7 7 9 3 9 7 5 7 5 9 4 3 7 9 7 7 7
split_gain=38.3022 12.4054 13.2962 5.62121 5.50351 7.74201 6.6372 4.75019 8.04379 4.60674 4.56855 4.32238 3.91111 3.86054 3.86921 3.85714 4.31587 3.16886 3.98053 5.49735 3.10874 3.04499 3.00991 2.93287 2.75015 2.62795 4.9056 3.41675 3.06025 3.31158
threshold=0 1.5000000000000002 1 13.038984050000002 20.500000000000004 121.50000000000001 5.5000000000000009 35.500000000000007 118.50000000000001 1.0000000180025095e-35 12.907266650000002 18.500000000000004 25.500000000000004 13.003473350000002 12.950812300000001 4.5000000000000009 3.5000000000000004 119.50000000000001 12.965243150000001 6.5000000000000009 13.014670450000002 6.5000000000000009 9.5000000000000018 5.5000000000000009 20.500000000000004 12.960439800000001 11.500000000000002 13.016898950000002 13.017716550000001 13.028995850000003
decision_type=9 2 9 2 2 2 2 2 2 2 2 2 2 2 2 2 2 2 2 2 2 2 2 2 2 2 2 2 2 2
left_child=1 17 23 7 6 13 9 12 -9 22 -7 -10 21 14 -6 -11 -17 18 -1 -20 -21 -2 -4 25 -15 -3 27 -27 -28 -30
right_child=3 2 4 -5 5 10 -8 8 11 15 -12 -13 -14 24 -16 16 -18 -19 19 20 -22 -23 -24 -25 -26 26 28 -29 29 -31
leaf_value=-0.028546917326003309 0.014442028404027219 -0.030209359364211576 -0.018660224414616823 0.053968040437251334 -0.0094754245042800948 0.015449360788241041 -0.013153177042678 -0.0076373065382242204 0.017092029425501833 0.012781986878067265 0.0013710778981447236 0.063658658551052225 0.071953305366635328 -0.0085679769791662704 0.00034473226293920691 -0.017432368894666418 0.013510570298135294 -0.00050962592530996449 0.00042365049198269669 -0.0079124392956495104 -0.03450564213171603 0.028081322106719032 0.0074886854246258633 -0.00041077031344175511 -0.018140327496081587 0.0044296205885708262 -0.020431870293244704 -0.025039547005668263 0.000912886562757187 -0.021601075469702493
leaf_weight=38 49 22 20 72 61 22 38 36 39 32 188 20 20 85 192 25 167 32 36 21 25 41 23 36 24 30 30 28 26 50
leaf_count=38 49 22 20 72 61 22 38 36 39 32 188 20 20 85 192 25 167 32 36 21 25 41 23 36 24 30 30 28 26 50
internal_value=6.5445e-05 -0.00368755 -0.00186533 0.0165505 0.000958286 -0.00192308 0.00639344 0.0129268 0.00473684 0.00917603 0.00571429 0.0161017 0.02 -0.00635359 -0.00296443 0.0120536 0.009375 -0.0171053 -0.0208333 -0.0146341 -0.026087 0.0155556 -0.00581395 -0.0125 -0.0142202 -0.0155914 -0.0134146 -0.00172414 -0.0198113 -0.0144737
internal_weight=1528 1251 1099 277 877 572 305 205 95 267 210 59 110 362 253 224 192 152 120 82 46 90 43 222 109 186 164 58 106 76
internal_count=1528 1251 1099 277 877 572 305 205 95 267 210 59 110 362 253 224 192 152 120 82 46 90 43 222 109 186 164 58 106 76
cat_boundaries=0 1 2
cat_threshold=8193 3063810
is_linear=0
shrinkage=0.05


Tree=4
num_leaves=31
num_cat=2
split_feature=0 2 7 3 9 8 8 7 8 9 3 7 5 7 3 5 7 8 6 3 8 7 8 3 3 3 9 9 3 9
split_gain=31.278 8.16671 7.00999 5.95471 5.89432 4.85236 4.93664 7.09199 6.61353 6.48492 6.44154 5.65099 4.4946 4.16839 4.11501 4.70291 5.49362 3.97094 3.48291 6.1131 4.78761 4.32668 7.86391 4.38366 4 3.71909 5.78571 4.20103 3.47028 3.4632
threshold=0 1 13.038984050000002 1.5000000000000002 35.500000000000007 77.658537750000008 77.593607900000009 12.980131050000002 77.553872550000008 10.500000000000002 10.500000000000002 12.966275500000002 6.5000000000000009 12.938303100000001 4.5000000000000009 6.5000000000000009 12.955782790000002 77.588875800000011 1.0000000180025095e-35 10.500000000000002 77.636413500000018 13.042112250000001 77.598289650000012 11.500000000000002 4.5000000000000009 20.500000000000004 17.500000000000004 23.500000000000004 1.5000000000000002 113.50000000000001
decision_type=9 9 2 2 2 2 2 2 2 2 2 2 2 2 2 2 2 2 2 2 2 2 2 2 2 2 2 2 2 2
left_child=1 3 4 -1 -2 6 8 9 10 -8 11 -3 -12 -11 -7 -16 -17 28 20 24 21 22 25 -23 -20 26 -5 -27 -10 -13
right_child=2 5 -4 18 -6 14 7 -9 17 13 12 29 -14 -15 15 16 -18 -19 19 -21 -22 23 -24 -25 -26 27 -28 -29 -30 -31
leaf_value=-0.020967701491154723 0.024869268517792233 0.01552994423381986 0.051269638415388764 0.006111067773886026 0.0039244759960472501 0.0061436101329512827 -0.014948493354376414 0.012672332591060554 -0.024393501312597654 0.021129077793434259 -0.01710903608106076 -0.015845334165319792 0.0069789539472293275 -0.0031293641415238494 -0.01455131912540646 -0.0079598287177458215 0.011907187741883108 -0.028588181165494032 0.0012045494088716803 0.015172261372813956 -0.018410429290356103 -0.031990072700120532 0.0099130855258181549 -0.003135789247639487 -0.017197635943917555 -0.028043272393122345 -0.0096245248493366034 -0.0022410447072610308 -0.0014040627332031709 0.012836417259871969
leaf_weight=64 107 33 70 40 94 48 42 53 30 56 25 33 26 33 65 24 33 30 24 41 32 33 25 29 48 25 100 27 216 21
leaf_count=64 107 33 70 40 94 48 42 53 30 56 25 33 26 33 65 24 33 30 24 41 32 33 25 29 48 25 100 27 216 21
internal_value=-0.000687623 -0.00402844 0.0144128 -0.00903614 0.010199 -0.000771208 0.00133779 0.00815217 -0.00169082 0.0019084 0.00724638 0.0155172 -0.00686275 0.00955056 -0.00823529 -0.0131148 -0.00263158 -0.00615942 -0.00707547 0.000442478 -0.00980707 -0.00770609 -0.00437788 -0.0193548 -0.00833333 -0.0078125 -0.00357143 -0.0192308 -0.00406504 0.00555556
internal_weight=1527 1256 271 488 201 768 598 184 414 131 138 87 51 89 170 122 57 276 424 113 311 279 217 62 72 192 140 52 246 54
internal_count=1527 1256 271 488 201 768 598 184 414 131 138 87 51 89 170 122 57 276 424 113 311 279 217 62 72 192 140 52 246 54
cat_boundaries=0 1 2
cat_threshold=8193 3064840
is_linear=0
shrinkage=0.05


Tree=5
num_leaves=31
num_cat=2
split_feature=0 9 2 7 8 8 4 9 9 3 4 4 9 3 3 7 7 9 7 7 7 7 7 8 4 8 8 8 8 8
split_gain=24.4809 12.0718 10.8174 6.26068 4.95931 4.94211 3.96825 5.06412 4.7724 11.6412 4.35205 4.25368 3.82124 3.59633 7.28674 3.32047 3.87574 3.1578 3.03925 2.7668 3.64781 3.53457 4.44062 3.8102 3.03333 3.57946 4.72668 5.07037 2.75404 2.67678
threshold=0 121.50000000000001 1 12.961154200000001 77.514460800000009 77.578603650000005 5.5000000000000009 16.500000000000004 20.500000000000004 19.500000000000004 4.5000000000000009 2.5000000000000004 108.50000000000001 8.5000000000000018 21.500000000000004 12.979222500000001 13.001499150000003 88.500000000000014 13.016686350000002 12.953183100000002 12.958351150000002 12.961154200000001 12.968312500000001 77.59934585000002 2.5000000000000004 77.557429535000011 77.545254000000014 77.528886005000018 77.567264550000019 77.55341755000002
decision_type=9 2 9 2 2 2 2 2 2 2 2 2 2 2 2 2 2 2 2 2 2 2 2 2 2 2 2 2 2 2
left_child=4 2 12 5 -1 -3 8 -8 10 11 -4 -10 17 28 -15 -5 -17 19 -18 -2 -21 -22 23 -23 29 26 27 -26 -6 -24
right_child=1 3 6 15 13 -7 7 -9 9 -11 -12 -13 -14 14 -16 16 18 -19 -20 20 21 22 24 -25 25 -27 -28 -29 -30 -31
leaf_value=-0.0024261176249310346 -0.013496955967263302 0.018719754662204546 0.0062625496403388775 -0.0077202298891693392 0.024036957725182197 0.010820366533916449 -0.014654196105076478 0.0074207906534967455 0.025277559914335602 -0.018883344497902323 0.017083340931131952 -0.021325238905980506 -0.011486877220908765 0.068848905277296923 0.0077952675596047356 0.011515860475898733 -0.0093880107320789118 0.0045115731439441253 0.0029349934854395743 0.0014066272655711477 -0.031255602515958041 -0.0056643147737379333 -0.0087274775705272322 0.01003305481745953 -0.014850993170587579 0.0048743166603082647 -0.0249641341419653 0.0072515185193358983 0.012957186938978717 -0.017656127628384154
leaf_weight=23 65 25 240 38 22 54 38 22 26 20 45 29 112 79 30 44 21 55 50 26 22 74 63 21 24 61 25 30 87 57
leaf_count=23 65 25 240 38 22 54 38 22 26 20 45 29 112 79 30 44 21 55 50 26 22 74 63 21 24 61 25 30 87 57
internal_value=0.00065445 -0.00212028 -0.00440758 0.00818966 0.0149402 0.0196203 0.00186047 -0.01 0.00388889 -0.00733333 0.00684211 0.00454545 -0.00844961 0.0178899 0.0243119 0.00228758 0.00652174 -0.00678776 -0.000704225 -0.00811966 -0.00657568 -0.00782493 -0.00661972 0.00263158 -0.01 -0.005 -0.0120253 -0.0037037 0.0114679 -0.0158333
internal_weight=1528 1287 1055 232 241 79 420 60 360 75 285 55 635 218 109 153 115 523 71 468 403 377 355 95 260 140 79 54 109 120
internal_count=1528 1287 1055 232 241 79 420 60 360 75 285 55 635 218 109 153 115 523 71 468 403 377 355 95 260 140 79 54 109 120
cat_boundaries=0 1 2
cat_threshold=5156 3066882
is_linear=0
shrinkage=0.05


Tree=6
num_leaves=31
num_cat=3
split_feature=0 2 3 7 5 3 7 7 3 7 7 2 3 3 4 7 9 9 9 3 9 9 7 7 9 3 7 9 7 5
split_gain=21.3365 10.8499 6.10909 5.06841 6.89656 6.40041 5.75544 6.39973 4.38011 5.91452 5.31935 3.98692 4.61807 3.79485 4.29206 3.7763 3.6 3.36552 3.27718 4.31788 3.64086 3.27561 2.9651 2.85639 2.74728 2.54697 2.45253 3.13363 2.63014 4.60034
threshold=0 1 1.5000000000000002 13.033480150000003 1.5000000000000002 1.5000000000000002 12.964948000000001 12.974556000000002 20.500000000000004 12.918750400000002 12.938303100000001 2 9.5000000000000018 21.500000000000004 2.5000000000000004 12.947503600000003 13.500000000000002 121.50000000000001 110.50000000000001 18.500000000000004 128.50000000000003 20.500000000000004 12.954012800000003 12.903216400000003 84.500000000000014 5.5000000000000009 12.953012700000002 10.500000000000002 12.968312500000001 11.500000000000002
decision_type=9 9 2 2 2 2 2 2 2 2 2 9 2 2 2 2 2 2 2 2 2 2 2 2 2 2 2 2 2 2
left_child=1 3 22 4 6 -6 -1 -8 9 23 16 12 17 14 -14 -13 -11 24 19 -12 -20 -9 -3 -4 -2 -5 -7 -28 29 -29
right_child=11 2 8 25 5 26 7 21 -10 10 18 15 13 -15 -16 -17 -18 -19 20 -21 -22 -23 -24 -25 -26 -27 27 28 -30 -31
leaf_value=-0.028940016245801614 -0.0027586405923033966 0.001202844181968743 0.0048394336814567623 -0.015812043677993382 -0.027360253130530379 -0.0047979915221345376 0.0048282557209976436 -0.031389074567289656 -0.0022293172891360235 0.0072089345956804166 0.0025714420803083062 0.010300651063099121 0.07513835440534615 -0.0031310485829768586 0.011764265712921863 0.023049594913667759 0.018169018803690762 0.014839356268165283 -0.0080987331528283631 0.019074099824906179 0.0035990936702605114 -0.0049216349378407246 -0.017728623584309412 -0.023630950377990879 -0.020490040468457274 -0.028365464543434304 0.013006137211291492 0.014264929596134636 -0.0035509220830187041 -0.01498370186227428
leaf_weight=36 33 21 36 40 36 52 22 23 135 20 135 37 20 25 36 126 20 39 89 40 84 28 44 25 20 48 33 39 119 36
leaf_count=36 33 21 36 40 36 52 22 23 135 20 135 37 20 25 36 126 20 39 89 40 84 28 44 25 20 48 33 39 119 36
internal_value=0.000367401 -0.0028608 0.00144158 -0.00823755 -0.00613208 -0.00238095 -0.0169725 -0.00890411 0.00308219 0.00545657 0.00773196 0.0112717 0.00519126 0.0141975 0.0214286 0.017052 0.025 -0.00217391 0.00574713 0.0105714 0.000867052 -0.0186275 -0.0130769 -0.00901639 -0.0103774 -0.0193182 0.000179211 0.00242291 0 0.00733333
internal_weight=1497 1161 649 512 424 315 109 73 584 449 388 336 173 81 56 163 40 92 348 175 173 51 65 61 53 88 279 227 194 75
internal_count=1497 1161 649 512 424 315 109 73 584 449 388 336 173 81 56 163 40 92 348 175 173 51 65 61 53 88 279 227 194 75
cat_boundaries=0 1 2 3
cat_threshold=8192 2937862 788488
is_linear=0
shrinkage=0.05


Tree=7
num_leaves=31
num_cat=2
split_feature=0 2 8 8 9 9 8 9 9 8 3 5 3 7 7 7 9 7 7 9 3 9 7 8 9 8 3 3 8 8
split_gain=32.5637 10.6365 7.86403 8.19471 6.38727 13.4573 7.51925 6.89901 5.09005 4.53619 4.28994 4.15138 4.12843 3.92422 4.10866 3.88789 3.80655 3.72388 6.92987 4.71443 5.83897 4.67454 4.20676 6.50661 3.59408 3.5183 4.58046 4.01621 5.0625 3.29252
threshold=0 1 77.722312375000016 77.593254700000017 121.50000000000001 178.50000000000003 77.588875800000011 29.500000000000004 154.50000000000003 77.578603650000005 21.500000000000004 6.5000000000000009 3.5000000000000004 12.983341550000002 12.974092650000001 13.039526650000001 25.500000000000004 12.875701350000002 12.921521900000002 20.500000000000004 3.5000000000000004 11.500000000000002 13.004140100000003 77.59934585000002 7.5000000000000009 77.543079550000016 18.500000000000004 17.500000000000004 77.579452250000017 77.617084150000011
decision_type=9 9 2 2 2 2 2 2 2 2 2 2 2 2 2 2 2 2 2 2 2 2 2 2 2 2 2 2 2 2
left_child=1 -1 3 4 6 9 7 15 17 11 13 -6 -9 14 16 -3 -2 -5 -19 20 -20 24 23 -21 -22 26 -14 28 -27 -25
right_child=10 2 -4 8 5 -7 -8 12 -10 -11 -12 -13 25 -15 -16 -17 -18 18 19 22 21 -23 -24 29 -26 27 -28 -29 -30 -31
leaf_value=-0.010663916373542205 0.020768681536938872 0.0043110099524482524 -0.016209245462107402 0.0177149618167751 0.0067157636130337987 -0.037240448409171137 -0.025740699783276547 -0.027540657513199587 0.022150979920940641 -0.0014055321109981201 -0.0019070220440231434 0.020580004473660277 0.017623336510393651 0.042963072496224754 -0.0046708493304299823 -0.023219247406671695 0.049164017216962098 -0.015070623735498657 -0.0071902984677337583 -0.0080568384367581732 0.0080182766324243815 0.018805390304652638 -0.0075992798329029831 0.012036641086467438 -0.0028674340953042223 -0.027854761391806052 -0.0096107241902262611 -0.002117851424679218 -0.0023562425475079588 0.00062889764660729603
leaf_weight=273 41 196 27 28 44 21 34 53 23 32 36 34 21 116 25 27 44 35 27 25 41 50 66 28 20 32 23 47 32 21
leaf_count=273 41 196 27 28 44 21 34 53 23 32 36 34 21 116 25 27 44 35 27 25 41 50 66 28 20 32 23 47 32 21
internal_value=-0.000262812 -0.00362205 -0.00115346 -0.000416667 -0.00402685 0.00572519 -0.00677419 -0.0049884 0.00549451 0.0127273 0.0154412 0.0192308 -0.0115385 0.0185841 0.0118182 0.00112108 0.0170588 0.00395894 0.00239617 0.00503597 0.0115942 0.0166667 -0.00142857 0.00675676 0.00737705 -0.00741935 0.00454545 -0.0121622 -0.0203125 0.0173469
internal_weight=1522 1260 987 960 596 131 465 431 364 110 262 78 208 226 110 223 85 341 313 278 138 111 140 74 61 155 44 111 64 49
internal_count=1522 1260 987 960 596 131 465 431 364 110 262 78 208 226 110 223 85 341 313 278 138 111 140 74 61 155 44 111 64 49
cat_boundaries=0 1 2
cat_threshold=8321 3035138
is_linear=0
shrinkage=0.05


Tree=8
num_leaves=31
num_cat=2
split_feature=0 7 9 3 7 2 9 9 3 7 9 7 9 9 5 3 5 7 8 7 7 9 8 3 4 7 9 8 8 4
split_gain=24.8644 8.24263 8.01425 7.41353 6.88375 6.82307 4.74494 5.82969 4.85971 4.72179 4.29122 8.35366 4.21021 4.30329 4.08447 3.88217 4.29539 5.05967 3.8961 3.8233 6.47022 3.64175 3.39893 3.3892 5.25436 3.86293 3.35294 6.20667 3.27273 3.22165
threshold=0 13.039179950000003 121.50000000000001 1.5000000000000002 12.961154200000001 1 35.500000000000007 118.50000000000001 8.5000000000000018 12.979222500000001 20.500000000000004 12.969170750000002 7.5000000000000009 17.500000000000004 1.5000000000000002 22.500000000000004 6.5000000000000009 13.003473350000002 77.588875800000011 13.001499150000003 13.014567850000001 25.500000000000004 77.578603650000005 3.5000000000000004 1.0000000180025095e-35 13.044136900000002 21.500000000000004 77.583889100000007 77.577758700000018 2.5000000000000004
decision_type=9 2 2 2 2 9 2 2 2 2 2 2 2 2 2 2 2 2 2 2 2 2 2 2 2 2 2 2 2 2
left_child=2 6 3 12 22 15 21 -8 -9 -6 23 14 -1 -14 -12 16 -5 18 28 -11 -21 -2 -4 29 -25 -26 -19 -28 -18 -7
right_child=1 -3 4 5 9 10 7 8 -10 19 11 -13 13 -15 -16 -17 17 26 -20 20 -22 -23 -24 24 25 -27 27 -29 -30 -31
leaf_value=0.0015884853414727786 0.016328607017316355 0.044009781099283045 0.015217751025647465 -0.010630005373457508 -0.0080148333387194855 0.0017343060159668801 -0.010812703613220176 -0.00084120312553279683 0.070993023451529622 0.0051356677074670294 -0.027385819663348687 -0.017728422489500729 -0.017307506120479165 -0.01923676134629251 0.0023786953857789506 -0.015940763438179961 0.0061685061905941592 0.0004381715856971891 -0.0029242047738223809 -0.018090942146446222 0.0051232574477953824 0.061611367378494 0.0085519795829843148 -0.0076735516090401081 0.0049979941721144177 0.011999900180065404 -0.021185583307846725 0.011337641585221459 0.014243321221519823 -0.031440025988957856
leaf_weight=25 88 67 27 207 43 20 35 31 20 44 26 21 26 77 98 32 22 51 33 21 53 20 52 43 205 43 32 25 22 22
leaf_count=25 88 67 27 207 43 20 35 31 20 44 26 21 26 77 98 32 22 51 33 21 53 20 52 43 205 43 32 25 22 22
internal_value=-0.000293926 0.0134686 -0.00320312 -0.00514563 0.005 -0.00354767 0.00876289 0 0.0107843 -0.000931677 0.000614754 -0.00655172 -0.0164063 -0.0208738 -0.0016129 -0.00806452 -0.00688776 -0.00135135 0.00844156 0.00423729 -0.0027027 0.0157407 0.0170886 0.00375375 0.0056701 0.00846774 -0.00833333 -0.0166667 0.0181818 -0.00952381
internal_weight=1531 261 1270 1030 240 902 194 86 51 161 478 145 128 103 124 424 392 185 77 118 74 108 79 333 291 248 108 57 44 42
internal_count=1531 261 1270 1030 240 902 194 86 51 161 478 145 128 103 124 424 392 185 77 118 74 108 79 333 291 248 108 57 44 42
cat_boundaries=0 1 2
cat_threshold=8321 2770950
is_linear=0
shrinkage=0.05


Tree=9
num_leaves=31
num_cat=2
split_feature=0 8 2 4 5 8 3 8 8 4 5 8 8 3 3 7 7 3 4 3 8 8 8 8 3 8 8 7 5 5
split_gain=19.5065 7.95556 7.11205 6.48459 6.37011 11.5252 7.59042 3.85768 6.07639 4.31551 5.45866 8.3045 5.28326 5.41531 3.61073 3.57108 3.31866 3.18768 6.49946 5.69739 5.33872 4.74186 4.74977 3.07542 2.95585 2.94316 5.04027 2.67334 2.61509 2.46303
threshold=0 77.596900850000011 1 5.5000000000000009 6.5000000000000009 77.567951300000018 21.500000000000004 77.590406500000014 77.633139900000018 2.5000000000000004 1.5000000000000002 77.564493200000015 77.545859800000017 10.500000000000002 19.500000000000004 13.093859150000002 12.973694550000003 10.500000000000002 2.5000000000000004 6.5000000000000009 77.555916750000009 77.580621150000013 77.523654945000018 77.588659200000009 4.5000000000000009 77.555570050000014 77.514460800000009 13.017414900000002 1.5000000000000002 11.500000000000002
decision_type=9 2 9 2 2 2 2 2 2 2 2 2 2 2 2 2 2 2 2 2 2 2 2 2 2 2 2 2 2 2
left_child=1 25 17 4 7 14 -7 9 15 10 11 -4 -11 28 16 -9 -6 19 20 21 -19 22 -2 -5 -23 26 -1 -20 -14 -24
right_child=2 -3 3 23 5 6 -8 8 -10 12 -12 -13 13 -15 -16 -17 -18 18 27 -21 -22 24 29 -25 -26 -27 -28 -29 -30 -31
leaf_value=-0.0037225363166222048 0.0046946485562676006 0.029084624066412924 0.004430259209982002 -0.0016096768155163923 0.023383909855118679 0.005162512123133501 -0.0098581543560274602 0.01440234804909375 -0.0030400544566570268 -0.016501256813853928 -0.034132618157195295 -0.019215110255358426 0.0091835217793625919 0.016803442302800599 0.005893257365931992 -0.0058064610972005555 0.015973983214096033 0.002125967417544583 0.0064448269534245432 -0.026388342150086164 -0.015141422141007133 -0.011770158071841997 -0.011882984425757737 -0.01246258322530377 0.010343413915048227 -0.00079914296925616142 0.034696777918525261 -0.0052415473076625864 -0.018985951867647358 -0.029880267067770007
leaf_weight=22 21 103 36 58 22 259 31 85 110 23 38 31 25 20 26 21 38 37 49 47 40 48 54 62 35 71 37 34 22 31
leaf_count=22 21 103 36 58 22 259 31 85 110 23 38 31 25 20 26 21 38 37 49 47 40 48 54 62 35 71 37 34 22 31
internal_value=0.00078125 0.013786 -0.00163747 0.000817884 0.00247776 0.00718085 0.00241379 -0.00182482 0.00277778 -0.00692308 -0.0138095 -0.00522388 0.00111111 0.00820896 0.0232558 0.0113208 0.03 -0.00714286 -0.001875 -0.0110169 -0.0123377 -0.00714286 -0.0141509 -0.01 0.00180723 0.00615385 0.0144068 0.00783133 -0.00106383 -0.0194118
internal_weight=1536 233 1303 907 787 376 290 411 216 195 105 67 90 67 86 106 60 396 160 236 77 189 106 120 83 130 59 83 47 85
internal_count=1536 233 1303 907 787 376 290 411 216 195 105 67 90 67 86 106 60 396 160 236 77 189 106 120 83 130 59 83 47 85
cat_boundaries=0 1 2
cat_threshold=4198 959490
is_linear=0
shrinkage=0.05


Tree=10
num_leaves=31
num_cat=2
split_feature=0 2 8 9 5 7 7 3 7 9 3 7 3 3 9 9 7 8 9 3 7 9 8 8 8 9 9 9 9 5
split_gain=21.8923 7.2818 8.37618 6.48077 5.71709 5.26294 4.90839 4.20372 4.52353 6.99181 4.94949 7.43474 4.76052 6.66238 5.40955 4.68098 4.18558 4.00875 6.34453 3.96131 3.82089 3.70701 3.64626 3.64175 3.60828 3.02985 4.6659 3.63282 2.91255 2.44773
threshold=0 1 77.740029400000012 32.500000000000007 6.5000000000000009 13.009588600000003 12.960439800000001 1.0000000180025095e-35 13.015003400000001 21.500000000000004 11.500000000000002 13.043581350000002 6.5000000000000009 10.500000000000002 34.500000000000007 21.500000000000004 12.969170750000002 77.546059410000012 9.5000000000000018 19.500000000000004 12.944739500000003 154.50000000000003 77.556671700000024 77.585130600000014 77.594488500000011 110.50000000000001 116.50000000000001 132.50000000000003 95.500000000000014 6.5000000000000009
decision_type=9 9 2 2 2 2 2 2 2 2 2 2 2 2 2 2 2 2 2 2 2 2 2 2 2 2 2 2 2 2
left_child=1 7 4 20 -3 6 -5 -1 12 10 -10 -12 14 -14 23 -15 -17 19 -19 28 -2 25 -11 -9 -25 -20 -27 -28 -6 -8
right_child=3 2 -4 5 17 -7 29 8 9 22 11 -13 13 15 -16 16 -18 18 21 -21 -22 -23 -24 24 -26 26 27 -29 -30 -31
leaf_value=-0.023829025099495894 -0.0022219739638195345 -0.0021064001317723903 -0.014342233358846879 0.02913411571803003 0.012313283236008266 0.061256022509309727 -0.021332740688768972 0.011574988343686221 -0.011455491799095852 -0.0072635826931451543 -0.013840180910511002 0.017603306106975913 -0.018331899165226661 0.013970879131347558 -0.010168267308327074 -0.00015231079871256271 -0.010893748082201782 0.0079969130609657494 0.010512633899803704 -1.5731840622978943e-06 0.025248519690136684 0.015551777087818276 -0.022350936133027355 -0.044601418457903066 0.0073965944196935146 -0.022033200477007787 0.0067684063916404026 -0.008072179386177214 0.019447911897860118 -0.0020623752641528272
leaf_weight=38 22 357 21 40 22 39 24 45 110 26 54 34 35 33 28 49 22 61 67 22 131 31 36 20 34 21 37 35 20 23
leaf_count=38 22 357 21 40 22 39 24 45 110 26 54 34 35 33 28 49 22 61 67 22 131 31 36 20 34 21 37 35 20 23
internal_value=-0.000487964 -0.0033123 0.000142045 0.0119377 0.00111441 0.00396825 -0.00287356 -0.00749129 -0.00646388 -0.0111538 -0.00656566 0.00227273 -0.0018797 -0.00827338 0.00511811 -0.00192308 -0.00915493 0.00601266 0.0031746 0.0171875 0.019281 -0.0013089 -0.0258065 0.0106061 0.00185185 -0.004375 -0.0102151 -0.00416667 0.0261905 -0.0138298
internal_weight=1537 1258 694 279 673 126 87 564 526 260 198 88 266 139 127 104 71 316 252 64 153 191 62 99 54 160 93 72 42 47
internal_count=1537 1258 694 279 673 126 87 564 526 260 198 88 266 139 127 104 71 316 252 64 153 191 62 99 54 160 93 72 42 47
cat_boundaries=0 1 2
cat_threshold=8193 836622
is_linear=0
shrinkage=0.05


Tree=11
num_leaves=31
num_cat=1
split_feature=0 7 7 3 3 3 9 9 7 5 9 7 8 3 7 9 3 7 7 7 8 3 4 9 8 7 8 8 9 7
split_gain=21.1145 7.73145 6.34672 7.3838 6.35529 6.00045 4.64199 4.94467 5.07937 4.25894 4.04921 4.65536 3.83144 3.09113 3.79593 2.71515 2.27518 7.15531 6.87668 6.23787 6.00198 4.24803 12.3265 4.25945 7.1667 4.72687 4.14326 7.68273 7.66855 4.07557
threshold=0 13.038984050000002 12.879511000000003 1.5000000000000002 22.500000000000004 7.5000000000000009 6.5000000000000009 17.500000000000004 12.954012800000003 11.500000000000002 32.500000000000007 12.960439800000001 77.586953600000015 20.500000000000004 12.949506250000001 120.50000000000001 7.5000000000000009 12.956065050000001 12.979222500000001 12.911606400000002 77.535859150000007 10.500000000000002 3.5000000000000004 21.500000000000004 77.559496350000003 12.969170750000002 77.588157450000011 77.605989300000019 30.500000000000004 12.916336300000003
decision_type=9 2 2 2 2 2 2 2 2 2 2 2 2 2 2 2 2 2 2 2 2 2 2 2 2 2 2 2 2 2
left_child=2 10 -1 6 16 -3 -4 -8 -9 -10 13 -12 15 14 -2 -13 18 29 19 -5 -21 22 -19 24 -23 -25 28 -28 -22 -18
right_child=1 5 3 4 -6 -7 7 8 9 -11 11 12 -14 -15 -16 -17 17 21 -20 20 26 23 -24 25 -26 -27 27 -29 -30 -31
leaf_value=0.01353262046269731 0.0065876215771017328 0.018341351705897013 0.0041105538199515566 -0.022304349521935964 -0.016115037634423946 0.071425934691917978 -0.020652834402748989 0.0022528167396617229 -0.016912017997376339 -0.025316383749588167 0.031566289078753716 -0.026343038632064688 0.018361432580916905 -0.00047717804392792833 0.023409344895927522 -0.0044198101772644494 0.0055661219774539531 0.0023180666837137156 -0.0032912023916186195 0.017976035598831496 0.0071741395815978718 -0.0080237441786552566 -0.026678332095722193 0.0086644924637356412 0.013787550653227698 -0.0043985912356891534 0.028188014241826376 0.0046539469088463297 -0.0096598539429107125 -0.0077593233895674636
leaf_weight=48 23 30 21 22 60 39 33 20 44 26 39 20 22 21 55 22 26 36 273 24 47 55 23 39 95 125 25 65 48 107
leaf_count=48 23 30 21 22 60 39 33 20 44 26 39 20 22 21 55 22 26 36 273 24 47 55 23 39 95 125 25 65 48 107
internal_value=-0.000489237 0.0119217 -0.00322327 -0.00395387 -0.00252336 0.0268116 -0.0145833 -0.0182927 -0.0122222 -0.0185714 0.00742574 0.000485437 -0.0078125 0.0146465 0.0192308 -0.0166667 -0.00158416 -0.00395257 0.000793651 0.00714286 0.00980861 -0.000402145 -0.0127119 0.00191083 0.008 -0.00365854 0.00675676 0.0144444 -0.000526316 -0.0139098
internal_weight=1533 271 1262 1214 1070 69 144 123 90 70 202 103 64 99 78 42 1010 506 504 231 209 373 59 314 150 164 185 90 95 133
internal_count=1533 271 1262 1214 1070 69 144 123 90 70 202 103 64 99 78 42 1010 506 504 231 209 373 59 314 150 164 185 90 95 133
cat_boundaries=0 1
cat_threshold=8193
is_linear=0
shrinkage=0.05


Tree=12
num_leaves=31
num_cat=3
split_feature=0 3 3 2 4 7 7 9 9 4 9 9 7 9 7 7 7 7 4 2 3 7 7 4 3 7 7 9 3 9
split_gain=16.2006 6.84802 10.5432 6.15813 5.25101 4.73584 11.2705 4.57301 4.34464 7.61387 7.1261 7.47551 5.57423 4.31689 4.08853 4.06219 4.05711 3.96061 3.86777 4.06972 3.58672 3.46628 4.60807 3.32711 3.20555 3.15584 3.1065 3.08998 2.89574 3.81096
threshold=0 21.500000000000004 8.5000000000000018 1 1.5000000000000002 13.014401400000002 12.969170750000002 32.500000000000007 20.500000000000004 5.5000000000000009 118.50000000000001 110.50000000000001 12.961154200000001 176.00000000000003 13.014670450000002 12.979222500000001 12.907266650000002 12.983341550000002 4.5000000000000009 2 3.5000000000000004 13.001499150000003 13.013297950000002 1.5000000000000002 8.5000000000000018 12.997187550000001 12.981943800000002 32.500000000000007 3.5000000000000004 10.500000000000002
decision_type=9 2 2 9 2 2 2 2 2 2 2 2 2 2 2 2 2 2 2 9 2 2 2 2 2 2 2 2 2 2
left_child=3 2 4 -1 -2 6 -4 17 9 16 11 14 20 15 25 -14 -5 -6 19 28 -12 -17 -23 -21 -24 -10 -25 -16 -18 -30
right_child=1 -3 5 8 7 -7 -8 -9 10 -11 12 -13 13 -15 27 21 18 -19 -20 23 -22 22 24 26 -26 -27 -28 -29 29 -31
leaf_value=-0.0083952423541391649 -0.012029759872134128 -0.011854550747177606 0.064866264147362226 -0.014734217077306246 0.0055961880516069767 0.072115565202942294 -0.0031404766767639813 -0.0017382659920819777 -0.0028842119023373639 -0.010742862122461861 0.019134835593314404 -0.017429922471856808 -0.0086438622207089862 -0.027506763446994143 -0.018385623379694561 0.010939814704687391 -0.015545618852499677 0.036368455282465087 0.014507494247970676 0.0022574062332397118 0.0082312678405488619 -0.014205789734447595 0.014646697561691346 0.015809404711056876 -0.0012253929558464494 0.017128580362677261 0.0065713453702897391 -0.006108864743969356 -0.0092929413185742545 0.0087729115134509653
leaf_weight=242 29 34 30 26 26 33 23 43 231 54 22 70 35 24 30 36 24 46 44 58 65 20 34 42 23 44 39 28 42 37
leaf_count=242 29 34 30 26 26 33 23 43 231 54 22 70 35 24 30 36 24 46 44 58 65 20 34 42 23 44 39 28 42 37
internal_value=0.00065189 0.0116788 0.0152174 -0.00171875 0.00694444 0.0290698 0.0198113 0.0117391 0 0.00437158 -0.00241692 -0.00657568 0.00405405 -0.00116279 -0.00345345 0.00202703 0.00737179 0.0194444 0.00909091 0.00661157 0.0143678 0.00663717 0.000649351 0.011745 0.00789474 -0.000909091 0.0191358 -0.0155172 -0.00132743 0.00316456
internal_weight=1534 264 230 1270 144 86 53 115 1028 366 662 403 259 172 333 148 312 72 286 242 87 113 77 139 57 275 81 58 103 79
internal_count=1534 264 230 1270 144 86 53 115 1028 366 662 403 259 172 333 148 312 72 286 242 87 113 77 139 57 275 81 58 103 79
cat_boundaries=0 1 2 3
cat_threshold=8321 937986 3186696
is_linear=0
shrinkage=0.05


Tree=13
num_leaves=31
num_cat=2
split_feature=0 2 9 9 7 9 7 9 4 5 8 7 7 8 8 7 3 8 7 4 5 4 9 4 8 9 7 9 8 9
split_gain=14.9561 6.54623 6.77681 10.3002 5.75103 5.35048 5.2313 5.15714 4.94791 7.0086 4.74545 4.88421 4.32092 3.85191 7.37735 3.76525 4.90003 3.90045 3.9562 3.74004 3.5755 3.51871 3.50228 3.07803 3.66834 3.577 6.47947 3.02286 2.82401 2.70941
threshold=0 1 26.500000000000004 118.50000000000001 12.969170750000002 163.50000000000003 12.955782790000002 178.50000000000003 4.5000000000000009 1.5000000000000002 77.578603650000005 12.913719150000002 13.038984050000002 77.593946100000011 77.645516200000017 12.966275500000002 4.5000000000000009 77.59530340000002 12.975777250000002 3.5000000000000004 11.500000000000002 1.5000000000000002 30.500000000000004 1.5000000000000002 77.587240850000015 32.500000000000007 12.974092650000001 136.50000000000003 77.619980900000016 38.500000000000007
decision_type=9 9 2 2 2 2 2 2 2 2 2 2 2 2 2 2 2 2 2 2 2 2 2 2 2 2 2 2 2 2
left_child=1 21 6 8 5 10 20 27 9 29 -5 -12 23 22 -15 16 -8 18 -17 -14 28 -1 -11 -2 25 -25 -27 -6 -3 -4
right_child=12 2 3 4 7 -7 15 -9 -10 13 11 -13 19 14 -16 17 -18 -19 -20 -21 -22 -23 -24 24 -26 26 -28 -29 -30 -31
leaf_value=-0.01129682492694737 -0.00029629530789332392 -0.0010515585461102317 -0.011633232394025429 0.014369025684717374 -0.00053571700534585929 0.017689141347358196 0.0041653868778770645 -0.038800554988484864 -0.016684914983987744 0.0075491346395787813 0.018907442224244488 -0.0093314984240115088 0.010447229383680479 0.023295366292565414 -0.0064315536637628012 -0.007279742746870644 0.02807607258406283 0.0092510759280623137 0.0082880128003346883 0.036114065659254367 0.01520144480788861 -0.0028203159390527313 -0.0088630261342496752 0.020420454887007857 0.027747721363586653 0.030578704025153305 -0.02922195503708136 0.0046576032851753492 -0.018037511735419367 -0.029398344036643209
leaf_weight=111 47 59 20 22 90 25 21 20 97 20 20 38 34 20 23 21 22 44 96 29 23 260 118 35 75 20 23 50 27 21
leaf_count=111 47 59 20 22 90 25 21 20 97 20 20 38 34 20 23 21 22 44 96 29 23 260 118 35 75 20 23 50 27 21
internal_value=0.000555193 -0.00172144 0.000606395 -0.00256849 0.00471698 0.0138095 0.00654952 -0.00125 -0.00862069 -0.0045045 0.0075 0 0.0111722 -0.000276243 0.0127907 0.0112745 0.0244186 0.00776398 0.00299145 0.0230159 -0.00229358 -0.00721785 -0.00434783 0.008 0.0114379 0.00384615 -0.00581395 0.00214286 -0.00697674 -0.0231707
internal_weight=1531 1268 897 584 265 105 313 160 319 222 80 58 263 181 43 204 43 161 117 63 109 371 138 200 153 78 43 140 86 41
internal_count=1531 1268 897 584 265 105 313 160 319 222 80 58 263 181 43 204 43 161 117 63 109 371 138 200 153 78 43 140 86 41
cat_boundaries=0 1 2
cat_threshold=8321 3067914
is_linear=0
shrinkage=0.05


Tree=14
num_leaves=31
num_cat=2
split_feature=0 2 4 8 5 4 8 8 9 9 9 8 8 5 7 3 8 5 7 7 8 4 3 9 9 9 3 8 4 9
split_gain=9.74935 6.56537 6.27451 5.95337 5.90405 4.18719 3.6971 7.32065 4.6583 6.35871 3.6419 6.23951 3.4556 4.80552 3.71212 3.96309 3.52393 3.34272 3.24812 3.08612 6.32303 4.42046 2.8804 2.71386 2.57902 2.7922 2.65893 2.54391 3.94061 3.22886
threshold=0 1 1.5000000000000002 77.596900850000011 1.5000000000000002 1.0000000180025095e-35 77.615317100000013 77.597298550000019 122.50000000000001 176.00000000000003 10.500000000000002 77.526718400000007 77.625302540000021 6.5000000000000009 13.015946100000003 18.500000000000004 77.654600000000016 6.5000000000000009 13.001499150000003 13.033480150000003 77.519735050000023 4.5000000000000009 10.500000000000002 7.5000000000000009 16.500000000000004 24.500000000000004 10.500000000000002 77.528000150000011 2.5000000000000004 110.50000000000001
decision_type=9 9 2 2 2 2 2 2 2 2 2 2 2 2 2 2 2 2 2 2 2 2 2 2 2 2 2 2 2 2
left_child=1 19 4 24 -2 -6 7 8 10 17 11 -3 -8 16 15 -15 -14 -10 -9 21 -21 -1 -23 -5 -4 -26 -27 28 -12 -29
right_child=2 6 3 23 5 -7 12 18 9 -11 27 -13 13 14 -16 -17 -18 -19 -20 20 -22 22 -24 -25 25 26 -28 29 -30 -31
leaf_value=-0.0086807082322555521 0.024523581451934742 -0.016546089199406946 0.011114966030869144 0.003928992580847313 -0.0079792867239802945 -0.00045030850214332623 -0.0083334969422546711 0.011522252048130233 0.004591140333705712 -0.014618187071091193 0.021121726187095916 0.010294250081920543 0.0012748514448452264 -0.0066055871537048175 0.015066256793158983 0.012156131075975841 -0.011648448021650038 0.01325090443366852 0.00057839676797992738 0.0055484332973519956 -0.022074663978731503 -0.0075350994024503404 0.016655957256250666 0.032455087036127941 -0.011635698701363141 -0.0049564553308264264 0.029655968204338981 -0.0024228458225948879 -0.0067801755780309116 -0.017845581213036723
leaf_weight=183 22 21 43 22 29 34 38 48 59 23 21 60 37 52 20 36 87 46 28 25 71 43 21 89 25 39 37 193 26 35
leaf_count=183 22 21 43 22 29 34 38 48 59 23 21 60 37 52 20 36 87 46 28 25 71 43 21 89 25 39 37 193 26 35
internal_value=9.91408e-05 -0.00207101 0.00742857 0.0115686 -0.00411765 -0.0119048 0.000357143 0.00267857 0.000413223 0.00859375 -0.00252809 0.00679012 -0.00444444 -0.00215517 0.00555556 0.00113636 -0.00887097 0.0138095 0.0171053 -0.00779037 -0.015625 -0.00506073 0.00625 0.0202703 0.00486111 0.00049505 0.00526316 -0.00527273 0.00531915 -0.00745614
internal_weight=1513 1173 340 255 85 63 830 560 484 128 356 81 270 232 108 88 124 105 76 343 96 247 64 111 144 101 76 275 47 228
internal_count=1513 1173 340 255 85 63 830 560 484 128 356 81 270 232 108 88 124 105 76 343 96 247 64 111 144 101 76 275 47 228
cat_boundaries=0 1 2
cat_threshold=8192 3063814
is_linear=0
shrinkage=0.05


Tree=15
num_leaves=31
num_cat=2
split_feature=0 3 7 7 9 9 8 8 3 3 2 9 3 8 8 7 8 3 8 4 9 8 9 8 9 8 8 3 4 3
split_gain=17.4783 5.33993 7.10544 4.95234 4.28276 7.34019 7.15537 7.46446 6.04238 5.9351 3.8923 4.00347 3.88154 3.62703 5.9904 5.37037 4.8 3.53743 3.46596 2.91037 2.90181 2.88077 6.281 6.67024 4.31145 3.51373 4.6503 3.17553 2.80442 2.78639
threshold=0 7.5000000000000009 13.039179950000003 12.968312500000001 118.50000000000001 108.50000000000001 77.55713105000001 77.58606140000002 4.5000000000000009 4.5000000000000009 1 5.5000000000000009 20.500000000000004 77.588875800000011 77.585012900000024 12.978257900000001 77.641913100000025 18.500000000000004 77.564493200000015 1.0000000180025095e-35 115.50000000000001 77.596281750000017 12.500000000000002 77.65635475000002 10.500000000000002 77.585380200000017 77.566375500000007 6.5000000000000009 4.5000000000000009 4.5000000000000009
decision_type=9 2 2 2 2 2 2 2 2 2 9 2 2 2 2 2 2 2 2 2 2 2 2 2 2 2 2 2 2 2
left_child=4 -2 3 -3 5 10 17 9 -9 -8 11 -1 -5 14 19 -15 -17 -6 -7 -13 -20 24 -23 27 -12 26 28 -24 -26 -27
right_child=1 2 -4 12 6 18 7 8 -10 -11 21 13 -14 15 -16 16 -18 -19 20 -21 -22 22 23 -25 25 29 -28 -29 -30 -31
leaf_value=0.011050142699337474 0.0093206474590116894 0.043006044639014585 0.059218905357839163 0.027860361832847038 0.012357233812782044 0.00030790609836736096 -0.036716094634005984 0.017420681374996593 -5.7426866483289987e-05 -0.00037283599873269015 0.0060749397394600059 0.0025159930409724418 -0.011316586867103707 0.0029548278431196454 0.017904928556729826 -0.029716528878726858 -0.0013700607330554893 0.004142983929541 -0.018452001555824705 -0.0072516290363270567 -0.011923910631215728 -0.0019343314168399851 0.0060694800105584035 -0.0055275535794921506 -0.0019766780380678583 -0.037280830687473322 0.0071311433251511017 0.015351190267834458 -0.018385022787854779 -0.0021660738988314556
leaf_weight=20 126 44 36 26 34 20 25 37 107 38 96 30 24 27 23 40 20 32 28 149 30 137 49 33 90 21 40 52 38 49
leaf_count=20 126 44 36 26 34 20 25 37 107 38 96 30 24 27 23 40 20 32 28 149 30 137 49 33 90 21 40 52 38 49
internal_value=0.000756082 0.012406 0.02 0.012766 -0.00168627 -0.00322581 0.00384615 -0.000724638 0.00555556 -0.0150794 -0.00196937 -0.00642633 0.002 -0.00813149 -0.00445545 -0.0166667 -0.025 0.0181818 -0.0179487 -0.0075419 -0.0241379 0.000406504 0.00424354 0.0119403 -0.00269461 -0.00630252 -0.00238095 0.0183168 -0.00703125 -0.0157143
internal_weight=1521 256 130 94 1265 992 273 207 144 63 914 309 50 289 202 87 60 66 78 179 58 605 271 134 334 238 168 101 128 70
internal_count=1521 256 130 94 1265 992 273 207 144 63 914 309 50 289 202 87 60 66 78 179 58 605 271 134 334 238 168 101 128 70
cat_boundaries=0 1 2
cat_threshold=8323 2899974
is_linear=0
shrinkage=0.05


Tree=16
num_leaves=31
num_cat=2
split_feature=0 3 3 0 9 7 7 7 3 9 7 7 3 8 7 3 3 7 8 8 7 4 8 8 5 9 7 7 7 3
split_gain=9.95397 8.07533 4.1709 3.88535 7.11929 5.65531 4.43077 3.49021 2.64838 2.5971 2.48774 7.96529 4.33754 9.48431 3.63464 3.69182 5.27623 6.43066 4.88327 3.89312 3.73702 5.25546 8.85752 4.16428 3.57715 3.5679 3.44483 3.87579 3.33827 2.76842
threshold=0 22.500000000000004 8.5000000000000018 1 22.500000000000004 13.000177650000001 12.974092650000001 12.879511000000003 20.500000000000004 13.500000000000002 13.033480150000003 13.025435900000002 11.500000000000002 77.547316850000016 13.003473350000002 6.5000000000000009 1.5000000000000002 12.913719150000002 77.587477200000009 77.585130600000014 12.98893415 2.5000000000000004 77.633139900000018 77.545859800000017 6.5000000000000009 7.5000000000000009 12.950812300000001 12.983341550000002 12.962275100000001 7.5000000000000009
decision_type=9 2 2 9 2 2 2 2 2 2 2 2 2 2 2 2 2 2 2 2 2 2 2 2 2 2 2 2 2 2
left_child=1 3 -2 4 9 6 -6 -5 -4 -1 11 14 -12 -14 15 16 26 -18 19 28 21 -17 23 -23 -22 -20 -9 -28 -19 -13
right_child=2 -3 8 7 5 -7 -8 10 -10 -11 12 29 13 -15 -16 20 17 18 25 -21 24 22 -24 -25 -26 -27 27 -29 -30 -31
leaf_value=0.0088546150860611128 0.017030377214368553 -0.014721878946353829 0.069365108268512901 0.011601383937243949 0.0068390974050519309 0.025675987725250683 -0.018395964851905422 0.00028198820481402099 0.031239404165686047 0.034266313802236846 -0.0081368731948059381 0.0042453528621598019 -0.018935626511288106 0.011741695156506205 -0.0076922142033500011 -0.0075591534204244139 -0.019829738347953364 0.012668884236413569 0.0020606824474276308 -0.027638306230411927 -0.00012300701070202535 -0.00098284919145505975 -0.02188517715256999 0.0091544624450973222 0.016171421141285735 0.016724957794947693 -0.027343069860252967 0.006235438866197829 0.00028426779324597362 0.017696254220909504
leaf_weight=46 55 72 29 46 32 27 20 27 25 24 150 24 27 53 150 145 20 54 27 23 20 27 32 87 23 81 47 26 81 23
leaf_count=46 55 72 29 46 32 27 20 27 25 24 150 24 27 53 150 145 20 54 27 23 20 27 32 87 23 81 47 26 81 23
internal_value=0.000820749 -0.000351124 0.0147059 0.00052161 0.00786164 -0.00189873 -0.0115385 -0.00045719 0.0259259 0.02 -0.00100262 0.000163577 -0.00565217 0.00375 -0.00091954 0.000555556 0.00388601 0.00734266 0.0093985 0.00379747 -0.00329341 -0.00532646 0.00136986 0.00789474 0.0104651 0.0175926 -0.006 -0.0116438 0.00703704 0.0202128
internal_weight=1523 1414 109 1342 149 79 52 1193 54 70 1147 917 230 80 870 720 386 286 266 158 334 291 146 114 43 108 100 73 135 47
internal_count=1523 1414 109 1342 149 79 52 1193 54 70 1147 917 230 80 870 720 386 286 266 158 334 291 146 114 43 108 100 73 135 47
cat_boundaries=0 1 2
cat_threshold=8227 32
is_linear=0
shrinkage=0.05


Tree=17
num_leaves=31
num_cat=2
split_feature=0 2 3 4 8 8 3 7 3 3 7 9 7 7 9 7 4 7 3 7 9 9 9 7 7 9 9 9 9 8
split_gain=12.3705 7.33458 6.71144 10.4644 3.95039 3.89531 5.98433 3.41019 3.96812 3.0787 5.26234 7.53738 4.60545 3.96535 3.41442 3.14483 2.9492 3.18853 7.7097 5.25 4.45052 5.43836 5.80874 3.65714 2.66667 2.63024 2.62984 2.54893 6.4511 4.71229
threshold=0 1 11.500000000000002 4.5000000000000009 77.722312375000016 77.596900850000011 9.5000000000000018 12.983341550000002 18.500000000000004 6.5000000000000009 13.014567850000001 8.5000000000000018 13.018759750000003 13.029831550000003 21.500000000000004 13.042112250000001 4.5000000000000009 12.948295315000001 2.5000000000000004 12.926915500000002 4.5000000000000009 8.5000000000000018 20.500000000000004 12.936479250000003 13.018069700000003 116.50000000000001 126.50000000000001 20.500000000000004 13.500000000000002 77.566375500000007
decision_type=9 9 2 2 2 2 2 2 2 2 2 2 2 2 2 2 2 2 2 2 2 2 2 2 2 2 2 2 2 2
left_child=5 2 9 27 16 7 -7 25 24 10 11 -2 -12 -14 15 -15 17 18 -3 26 -19 -22 -23 -21 -9 -1 -20 28 -4 -29
right_child=1 4 3 -5 -6 6 -8 8 -10 -11 12 -13 13 14 -16 -17 -18 20 19 23 21 22 -24 -25 -26 -27 -28 29 -30 -31
leaf_value=-0.018992204781265176 -0.015851074585821624 0.015697938905148569 -0.013101989944176841 0.015300928134209003 -0.0086021029046713833 0.0059262109909780985 0.047150409110892744 0.028361544281553533 -0.0068493646906285571 -0.02492935079581551 -0.023356481902033835 0.021115796648669694 0.0082999793519498051 0.0011116584939226627 -0.017886336601039266 -0.012588264000816141 -0.0011303359216119357 0.010908029934790965 -0.004599174736074141 0.019103145343633544 -0.016848961930772479 0.013264718808528576 0.00010121308006995068 0.0076270202364446043 0.0486839027681552 0.011272059485332787 0.010809708048305146 0.0088490856742036057 0.0053619931175052709 -0.017244005669717666
leaf_weight=36 21 26 53 41 32 46 49 24 20 51 21 43 20 30 22 57 192 25 83 20 35 35 328 36 25 25 29 20 44 33
leaf_count=36 21 26 53 41 32 46 49 24 20 51 21 43 20 30 22 57 192 25 83 20 35 35 328 36 25 25 29 20 44 33
internal_value=0.000722733 -0.00118592 -0.00622318 0.00078534 0.00158637 0.0112766 0.0194737 0.00615385 0.0137681 -0.0115094 -0.0088785 0.003125 -0.014 -0.0104651 -0.0142202 -0.00977011 0.00228677 0.00397083 0.00927835 0.00535714 0.00153664 0.000251256 0.00206612 0.0178571 0.0214286 -0.00245902 -0.000892857 -0.00533333 -0.000515464 -0.0141509
internal_weight=1522 1297 456 191 841 225 95 130 69 265 214 64 150 129 109 87 809 617 194 168 423 398 363 56 49 61 112 150 97 53
internal_count=1522 1297 456 191 841 225 95 130 69 265 214 64 150 129 109 87 809 617 194 168 423 398 363 56 49 61 112 150 97 53
cat_boundaries=0 1 2
cat_threshold=4196 974926
is_linear=0
shrinkage=0.05


Tree=18
num_leaves=31
num_cat=3
split_feature=0 2 9 9 8 3 3 9 9 4 3 3 3 9 4 9 3 8 9 9 9 9 3 4 8 8 2 4 8 4
split_gain=9.19282 7.56028 5.45372 3.80867 3.68491 3.39117 4.4095 3.13057 2.7853 2.47067 2.41841 4.09575 3.25378 3.9009 2.49554 2.1046 2.84696 2.07879 2.0267 1.8343 4.91123 4.87809 4.30244 7.07469 5.02025 4.56073 4.02506 3.79608 5.31858 3.61407
threshold=0 1 32.500000000000007 130.50000000000003 77.709378750000013 17.500000000000004 4.5000000000000009 4.5000000000000009 38.500000000000007 3.5000000000000004 6.5000000000000009 9.5000000000000018 2.5000000000000004 17.500000000000004 4.5000000000000009 29.500000000000004 21.500000000000004 77.598289650000012 13.500000000000002 118.50000000000001 110.50000000000001 124.50000000000001 8.5000000000000018 3.5000000000000004 77.559496350000003 77.640536200000028 2 4.5000000000000009 77.579452250000017 1.0000000180025095e-35
decision_type=9 9 2 2 2 2 2 2 2 2 2 2 2 2 2 2 2 2 2 2 2 2 2 2 2 2 9 2 2 2
left_child=1 8 5 -4 7 6 -2 -3 10 -7 12 -12 13 -1 15 16 18 -8 -13 20 22 -21 25 24 -24 26 -9 -28 -29 -23
right_child=2 4 3 -5 -6 9 17 19 -10 -11 11 14 -14 -15 -16 -17 -18 -19 -20 21 -22 29 23 -25 -26 -27 27 28 -30 -31
leaf_value=-0.02008661249206678 0.0093628236853573917 0.0050898230812499003 -0.0041904486354158886 0.021182515975783956 -0.0071346384542977925 0.0083760182251442668 0.037549706269769813 -0.0069534595058284637 -0.025500608669558913 -0.0016555409666919819 -0.025313930747096848 -0.0095969157915081205 0.0027916263083229923 -0.0013882114153781712 0.0067824331694681939 0.0012576903959748533 -0.0023180075406335821 0.065893369834099089 -0.0031662201268111037 0.015375103594371699 -0.010349696506025886 0.020018434457730373 -0.010229447940264848 0.014998325658700363 0.0037419074304608779 -0.014686823787538706 0.0089355283304064503 -0.015980228319991286 0.0058253756499215383 -2.5705033569711767e-05
leaf_weight=25 55 46 82 39 56 34 22 117 20 25 33 28 112 43 28 24 39 20 44 44 60 21 28 63 83 20 85 29 22 162
leaf_count=25 55 46 82 39 56 34 22 117 20 25 33 28 112 43 28 24 39 20 44 44 60 21 28 63 83 20 85 29 22 162
internal_value=0.000828363 -0.0010467 0.00888502 0.00123967 0.00165485 0.0153846 0.021134 0.0025641 -0.00665025 0.0059322 -0.00585106 -0.00969388 -0.00166667 -0.0102941 -0.00644172 -0.00925926 -0.0121622 0.0333333 -0.0180556 0.00177112 9.86193e-05 0.00550661 0.00190157 0.00804598 0.00045045 -0.00201465 -0.000197628 0.00547945 -0.00490196 0.00191257
internal_weight=1509 1232 277 121 836 156 97 780 396 59 376 196 180 68 163 135 111 42 72 734 507 227 447 174 111 273 253 136 51 183
internal_count=1509 1232 277 121 836 156 97 780 396 59 376 196 180 68 163 135 111 42 72 734 507 227 447 174 111 273 253 136 51 183
cat_boundaries=0 1 2 3
cat_threshold=8193 939010 32780
is_linear=0
shrinkage=0.05


Tree=19
num_leaves=31
num_cat=2
split_feature=0 3 2 9 3 8 8 9 3 5 4 8 9 3 8 8 9 9 3 3 9 8 8 9 9 8 5 3 4 3
split_gain=8.53773 7.30898 5.83972 5.24233 5.87815 4.55372 5.01297 6.391 4.34558 3.57354 6.10159 4.69486 3.26741 6.13143 5.192 3.6 3.57115 2.99628 2.84632 4.4346 2.77778 2.69943 2.65932 2.57819 5.12742 2.56015 2.54923 2.5 2.44257 3.46756
threshold=0 7.5000000000000009 1 120.50000000000001 20.500000000000004 77.61236670000001 77.593254700000017 18.500000000000004 17.500000000000004 6.5000000000000009 4.5000000000000009 77.625302540000021 119.50000000000001 20.500000000000004 77.585542400000008 77.559496350000003 178.50000000000003 34.500000000000007 22.500000000000004 16.500000000000004 23.500000000000004 77.573853350000007 77.509187400000016 20.500000000000004 10.500000000000002 77.601778950000025 6.5000000000000009 5.5000000000000009 4.5000000000000009 5.5000000000000009
decision_type=9 2 9 2 2 2 2 2 2 2 2 2 2 2 2 2 2 2 2 2 2 2 2 2 2 2 2 2 2 2
left_child=2 17 18 4 25 6 12 27 -9 10 -7 -11 13 14 28 -15 21 26 19 23 -6 22 -14 24 -1 -3 -2 -8 -4 -30
right_child=1 3 5 -5 20 9 7 8 -10 11 -12 -13 16 15 -16 -17 -18 -19 -20 -21 -22 -23 -24 -25 -26 -27 -28 -29 29 -31
leaf_value=-0.0011686040692111877 -0.0012561406427739287 0.03733998098875313 0.0044343483976160723 0.062480206600753402 0.008792001733007827 -0.0013269401220672218 0.0031014160697741323 0.0088317068791711421 -0.014438538724050921 -0.0075550462939045441 -0.0094795573183746543 0.0014823418411737067 -0.0012469979466893878 -0.019306288068684653 -0.019807234199010981 -0.0048182139004630531 -0.017671591891608652 -0.0079286852024696326 -0.016142383133801366 0.0015125488343987082 -0.006977637155214645 0.00025830917362288378 0.0095751762342886522 -0.0066057865305370507 -0.015720490712166624 0.054360772422057904 0.014859242139182438 0.019043766450439481 0.0036026354225993096 -0.01815334210986267
leaf_weight=44 36 33 99 25 25 140 24 33 25 20 40 134 20 20 21 20 21 49 25 151 20 49 62 175 80 26 38 36 26 20
leaf_count=44 36 33 99 25 25 140 24 33 25 20 40 134 20 20 21 20 21 49 25 151 20 49 62 175 80 26 38 36 26 20
internal_value=0.000553025 0.00877863 -0.00111969 0.0174419 0.0125 0.00146341 0.00462185 0.0135593 0.00172414 -0.00299401 -0.00777778 0.0025974 0.00167598 -0.00242718 0.00180723 -0.02 0.00723684 0.000406504 -0.00546392 -0.00466667 -0.00111111 0.0103053 0.0158537 -0.00819398 -0.0137097 0.0228814 0.00675676 0.025 0.00517241 -0.00434783
internal_weight=1537 252 1285 129 104 810 476 118 58 334 180 154 358 206 166 40 152 123 475 450 45 131 82 299 124 59 74 60 145 46
internal_count=1537 252 1285 129 104 810 476 118 58 334 180 154 358 206 166 40 152 123 475 450 45 131 82 299 124 59 74 60 145 46
cat_boundaries=0 1 2
cat_threshold=8323 705542
is_linear=0
shrinkage=0.05


Tree=20
num_leaves=31
num_cat=2
split_feature=0 2 4 9 5 8 3 3 3 7 7 9 8 3 4 4 7 4 9 8 7 8 4 9 9 9 9 9 9 3
split_gain=10.5914 10.3531 4.61247 7.09858 4.44458 4.694 4.74078 4.3913 4.01276 4.48041 5.50019 5.46265 4.57477 3.57129 4.03307 4.64822 3.29751 3.25801 3.16225 2.9987 2.9677 4.30769 3.06062 6.05093 4.24696 3.72364 3.75065 2.94795 2.90056 3.01795
threshold=0 1 5.5000000000000009 4.5000000000000009 6.5000000000000009 77.549011550000017 19.500000000000004 9.5000000000000018 22.500000000000004 12.961154200000001 12.966275500000002 5.5000000000000009 77.580159950000009 21.500000000000004 2.5000000000000004 4.5000000000000009 13.095942930000001 3.5000000000000004 7.5000000000000009 77.546698500000005 13.033480150000003 77.519047850000007 2.5000000000000004 23.500000000000004 26.500000000000004 17.500000000000004 14.500000000000002 31.500000000000004 117.50000000000001 4.5000000000000009
decision_type=9 9 2 2 2 2 2 2 2 2 2 2 2 2 2 2 2 2 2 2 2 2 2 2 2 2 2 2 2 2
left_child=7 2 3 -2 18 6 -6 19 9 -3 12 -12 -11 14 -9 -16 17 -7 -5 -1 22 -22 23 -13 25 26 -24 -26 29 -4
right_child=1 8 28 4 5 16 -8 13 -10 10 11 20 -14 -15 15 -17 -18 -19 -20 -21 21 -23 24 -25 27 -27 -28 -29 -30 -31
leaf_value=0.024349325307907722 0.016481425233259128 -0.007681808337892471 -0.00061906089730370264 -0.019318713479069462 0.019897762948980203 0.0041367073029935806 0.00083974565820605924 0.049722204571472806 -0.01747806992927432 -0.013461235640720061 0.0064584531966000343 -0.011803065974269479 0.009405703782436459 0.002990594965529514 0.0089305645624906168 0.048537568872764773 0.0085960579072118411 -0.0030513823472350767 0.00025737699158898678 8.4720007941230249e-05 0.00022420493729817805 -0.027417377610331386 0.0032890063866647615 0.0097006982583604743 -0.023308902055844793 0.0069459763221749295 -0.0090126047409154978 -0.0030063704422677476 0.0046297486569460864 -0.012380958955026623
leaf_weight=26 34 117 34 25 37 141 23 28 25 21 20 77 36 33 24 22 22 69 313 92 24 39 35 42 21 45 20 22 26 49
leaf_count=26 34 117 34 25 37 141 23 28 25 21 20 77 36 33 24 22 22 69 313 92 24 39 35 42 21 45 20 22 26 49
internal_value=0.000648508 -0.00109269 0.00261814 0.00421687 0.00301587 0.00753425 0.02 0.0104255 -0.00631769 -0.00549133 -0.00298507 -0.00536232 0.0114035 0.0182243 0.0243243 0.0152174 0.00431034 0.00238095 -0.000887574 0.00423729 -0.00692308 -0.0166667 -0.00458015 -0.0105042 0.00034965 0.006 -0.00272727 -0.0127907 -0.00688073 -0.0114458
internal_weight=1542 1317 773 664 630 292 60 225 544 519 402 345 57 107 74 46 232 210 338 118 325 63 262 119 143 100 55 43 109 83
internal_count=1542 1317 773 664 630 292 60 225 544 519 402 345 57 107 74 46 232 210 338 118 325 63 262 119 143 100 55 43 109 83
cat_boundaries=0 1 2
cat_threshold=4196 105193
is_linear=0
shrinkage=0.05


Tree=21
num_leaves=31
num_cat=2
split_feature=2 4 7 4 9 2 5 3 4 9 5 3 7 7 3 9 4 3 9 9 7 3 7 3 9 3 9 3 4 3
split_gain=6.00253 3.14826 2.88592 2.63712 3.74702 2.54808 3.6038 6.58858 7.05882 3.89026 2.52264 5.2969 3.59207 3.28626 3.04198 5.89429 4.83004 4.26016 4.87128 3.80843 3.58165 4.74074 3.16416 2.51324 2.50028 2.2272 10.7689 4.94381 4.88964 3.31567
threshold=0 2.5000000000000004 12.974092650000001 1.0000000180025095e-35 17.500000000000004 1 11.500000000000002 3.5000000000000004 1.5000000000000002 13.500000000000002 6.5000000000000009 1.5000000000000002 13.054910150000001 13.054910150000001 5.5000000000000009 137.50000000000003 2.5000000000000004 10.500000000000002 24.500000000000004 125.50000000000001 12.954012800000003 2.5000000000000004 12.972410000000002 1.0000000180025095e-35 19.500000000000004 19.500000000000004 118.50000000000001 11.500000000000002 1.5000000000000002 21.500000000000004
decision_type=9 2 2 2 2 9 2 2 2 2 2 2 2 2 2 2 2 2 2 2 2 2 2 2 2 2 2 2 2 2
left_child=1 2 -1 -4 -5 6 7 -2 -9 -8 13 -12 25 14 19 16 -16 22 -19 20 21 -7 -18 -22 -3 27 28 -13 -27 -28
right_child=5 24 3 4 -6 10 9 8 -10 -11 11 12 -14 -15 15 -17 17 18 -20 -21 23 -23 -24 -25 -26 26 29 -29 -30 -31
leaf_value=0.00020637001671086619 -0.0092849698418875689 -0.0020356911507672828 -0.0018173558896971255 -0.013949404582890002 -0.02193635778736136 0.00028195534733439499 0.013785631260372312 0.0013210542300456597 0.019163840557881784 -0.004727760273373194 -0.0067076152047014122 0.003938017806574423 -0.0029696663448559369 0.012244712228993516 -0.011610308982719931 0.011548038969881259 -8.1799402393678566e-05 0.0087274069105399369 -0.0044614157651147405 -0.014504137878782975 -0.024677319434712044 0.021593399014857441 -0.023170633279205211 0.0050100385208128543 0.0060203852531660945 -0.007116268414137328 0.030666507955805791 0.024071318147886125 -0.00059170233253600388 0.00079775837529576514
leaf_weight=33 30 146 30 35 31 27 21 34 51 22 66 238 22 22 133 32 35 32 53 30 20 27 24 103 40 31 28 47 64 23
leaf_count=33 30 146 30 35 31 27 21 34 51 22 66 238 22 22 133 32 35 32 53 30 20 27 24 103 40 31 28 47 64 23
internal_value=0.000980392 -0.00507692 -0.0112403 -0.015625 -0.0212121 0.00257143 0.00833333 0.0134783 0.0205882 -0.00348837 0.00164011 0.00414258 0.00607064 -0.000743494 -0.00155039 -0.00469256 -0.00703971 -0.000694444 0.00647059 0.0031401 0.0059322 0.0166667 -0.0110169 0.00121951 -0.00107527 0.00707657 0.00205479 0.00964912 -0.00789474 0.0205882
internal_weight=1530 315 129 96 66 1215 158 115 85 43 1057 519 453 538 516 309 277 144 85 207 177 54 59 123 186 431 146 285 95 51
internal_count=1530 315 129 96 66 1215 158 115 85 43 1057 519 453 538 516 309 277 144 85 207 177 54 59 123 186 431 146 285 95 51
cat_boundaries=0 1 2
cat_threshold=839682 8297
is_linear=0
shrinkage=0.05


Tree=22
num_leaves=31
num_cat=1
split_feature=2 3 7 8 9 7 5 8 9 9 7 9 9 3 3 9 5 7 8 8 7 3 5 8 8 7 5 9 8 9
split_gain=7.07246 4.50749 4.48336 5.43622 4.48893 4.24439 7.68768 6.97779 5.29202 5.09152 6.45793 6.73802 4.92113 4.83092 4.69444 4.57792 4.08333 3.39323 3.31641 3.88536 3.2634 4.57143 3.04611 2.81555 6.74612 3.40577 2.81069 2.80358 2.5277 3.53645
threshold=0 22.500000000000004 12.955782790000002 77.660914650000009 26.500000000000004 12.959801500000003 6.5000000000000009 77.606674800000022 20.500000000000004 118.50000000000001 12.979222500000001 173.50000000000003 110.50000000000001 20.500000000000004 10.500000000000002 12.500000000000002 6.5000000000000009 12.921521900000002 77.633139900000018 77.59934585000002 12.875701350000002 7.5000000000000009 1.5000000000000002 77.597082050000026 77.611165150000019 13.042112250000001 6.5000000000000009 35.500000000000007 77.588157450000011 29.500000000000004
decision_type=9 2 2 2 2 2 2 2 2 2 2 2 2 2 2 2 2 2 2 2 2 2 2 2 2 2 2 2 2 2
left_child=5 2 4 18 -2 6 15 -8 23 12 -11 -12 13 14 16 -1 -10 22 19 28 -9 -22 -17 -7 -25 26 -26 -6 -4 -30
right_child=1 -3 3 -5 27 8 7 20 9 10 11 -13 -14 -15 -16 17 -18 -19 -20 -21 21 -23 -24 24 25 -27 -28 -29 29 -31
leaf_value=-0.0089219228555867947 -0.014774028735910738 -0.022800029012421785 -0.0016857752126114844 0.009651470401114505 0.0068636058284605068 0.0027024713379861457 0.014485440630146163 0.019718620201201333 -0.016731366970789363 -0.010678176880047886 0.0070763727309850373 -0.013717965612561623 -0.016717946476668976 -0.0069489060536188311 0.018922526903183925 0.00028647923346410977 0.0077117559909278379 0.011864646488805442 -0.013251934353745498 0.0055873342130546401 0.0087302376546249845 -0.0052979772839877983 -0.015569574367195383 0.024224793982297745 0.008044440635733242 -0.0086486292210321333 0.01195443863098582 -0.0075424856703682598 -0.020409007554250458 0.0014055759329235197
leaf_weight=59 55 30 339 22 21 102 58 22 24 57 136 29 60 20 24 22 24 68 39 54 28 28 24 26 20 25 21 22 31 21
leaf_count=59 55 30 339 22 21 102 58 22 24 57 136 29 60 20 24 22 24 68 39 54 28 28 24 26 20 25 21 22 31 21
internal_value=-0.000363997 -0.00434783 -0.00347682 -0.00158103 -0.0132653 0.00253664 0.00728155 0.0161765 0 -0.00347594 0.00135135 0.00636364 -0.0105263 -0.00326087 0.00277778 0.000289017 -0.00625 0.00614035 -0.00268595 -0.00146067 0.00641026 0 -0.00434783 0.00670103 0.0130435 0.00454545 0.0134146 -0.00116279 -0.00319693 -0.0134615
internal_weight=1511 634 604 506 98 877 309 136 568 374 222 165 152 92 72 173 48 114 484 445 78 56 46 194 92 66 41 43 391 52
internal_count=1511 634 604 506 98 877 309 136 568 374 222 165 152 92 72 173 48 114 484 445 78 56 46 194 92 66 41 43 391 52
cat_boundaries=0 1
cat_threshold=80617
is_linear=0
shrinkage=0.05


Tree=23
num_leaves=31
num_cat=2
split_feature=0 2 7 7 7 5 7 3 3 7 7 9 8 3 9 3 3 8 9 3 4 9 3 7 7 9 9 9 7 7
split_gain=8.04787 5.08284 3.59531 5.28422 4.12512 4.03081 3.48003 3.46738 4.8321 4.29513 5.18718 3.35881 2.77494 3.29805 2.54106 3.34765 4.32768 3.43077 3.85614 4.03629 2.94875 3.84697 3.34758 2.07879 2.01099 1.94745 2.27273 1.81503 2.76708 5.31169
threshold=0 1 13.004140100000003 12.99283615 13.013297950000002 6.5000000000000009 12.986609600000001 21.500000000000004 8.5000000000000018 13.014401400000002 12.968312500000001 169.50000000000003 77.547316850000016 2.5000000000000004 26.500000000000004 7.5000000000000009 18.500000000000004 77.599994350000017 107.50000000000001 4.5000000000000009 2.5000000000000004 6.5000000000000009 17.500000000000004 12.943825550000001 12.957712100000002 15.500000000000002 117.50000000000001 3.5000000000000004 13.033480150000003 13.025435900000002
decision_type=9 9 2 2 2 2 2 2 2 2 2 2 2 2 2 2 2 2 2 2 2 2 2 2 2 2 2 2 2 2
left_child=1 27 3 6 -4 -5 11 8 12 10 -10 14 -2 -14 20 17 -17 18 -16 -20 -3 -22 24 -19 -23 -15 -27 -1 29 -29
right_child=7 2 4 5 -6 -7 -8 -9 9 -11 -12 -13 13 25 15 16 -18 23 19 -21 21 22 -24 -25 -26 26 -28 28 -30 -31
leaf_value=-0.0071180424670035936 0.013347461379516902 -3.2333335337519922e-05 -0.013032067331933539 0.014145779794072055 -0.00049835398349329374 0.013546424861384932 -0.011593597199767304 -0.010036150569235147 0.047360611312292411 0.056244833455511546 -0.0028514185203063259 0.0074755957879171671 0.010789508975427254 0.013275727771936641 -0.017874741277888063 -0.016824118409098476 -0.0025217828105655871 0.014765347163022602 -0.00064589073778089647 0.0098800566110980106 -0.0050169043814604188 0.00071146296987438799 0.030523646889207168 0.0020925276253854321 0.0059274312598415427 -0.019529542444192496 -0.0016123073343477625 -0.0034083248013034419 -0.0092033881799458272 0.0074097648925625093
leaf_weight=28 29 67 31 25 210 21 42 34 30 29 26 32 38 21 75 27 125 22 37 27 24 25 21 20 22 22 22 263 88 44
leaf_count=28 29 67 31 25 210 21 42 34 30 29 26 32 38 21 75 27 125 22 37 27 24 25 21 20 22 22 22 263 88 44
internal_value=0.000622135 -0.00101089 0.00121669 0.00326797 -0.00394191 0.0195652 0.00194346 0.00862069 0.0112903 0.0205882 0.0125 0.00305344 0.00530303 0.00145631 0.00203252 -0.00045045 -0.00592105 0.00414365 0.000359712 0.009375 0.0072327 0.0130435 0.0191176 0.0166667 0.0117021 -0.00538462 -0.0113636 -0.00542725 -0.00468354 -0.002443
internal_weight=1527 1276 853 612 241 46 566 251 217 85 56 524 132 103 492 333 152 181 139 64 159 92 68 42 47 65 44 423 395 307
internal_count=1527 1276 853 612 241 46 566 251 217 85 56 524 132 103 492 333 152 181 139 64 159 92 68 42 47 65 44 423 395 307
cat_boundaries=0 1 2
cat_threshold=8323 4165638
is_linear=0
shrinkage=0.05


Tree=24
num_leaves=31
num_cat=1
split_feature=0 3 3 9 7 7 7 7 9 4 7 8 3 7 9 3 8 9 8 5 8 3 8 3 8 3 9 5 3 5
split_gain=4.17706 3.70987 5.53509 5.23188 3.52363 5.82981 7.61297 5.10296 4.68192 2.9362 2.88525 4.27807 4.25712 3.38372 5.64851 5.25974 2.87902 2.78838 5.59254 5.56286 5.17295 4.4055 7.00224 4.36996 3.50477 3.36073 3.2336 3.33365 4.52115 3.05709
threshold=0 21.500000000000004 8.5000000000000018 9.5000000000000018 13.033480150000003 13.025435900000002 13.028995850000003 13.014567850000001 115.50000000000001 5.5000000000000009 13.047241450000001 77.588659200000009 4.5000000000000009 13.065279550000001 20.500000000000004 9.5000000000000018 77.534786100000005 8.5000000000000018 77.542107900000019 6.5000000000000009 77.507068050000015 1.5000000000000002 77.583578900000006 19.500000000000004 77.526718400000007 2.5000000000000004 103.50000000000001 1.5000000000000002 20.500000000000004 11.500000000000002
decision_type=9 2 2 2 2 2 2 2 2 2 2 2 2 2 2 2 2 2 2 2 2 2 2 2 2 2 2 2 2 2
left_child=4 2 9 -4 5 7 -7 17 -9 -2 11 12 -6 -12 15 -15 -14 18 -1 -20 -19 22 -22 24 -23 -26 27 -25 -29 -21
right_child=1 -3 3 -5 10 6 -8 8 -10 -11 13 -13 16 14 -16 -17 -18 20 19 29 21 23 -24 26 25 -27 -28 28 -30 -31
leaf_value=-0.013850007447866131 0.0052002696614874893 -0.0095343430407734079 -0.00041308983347279062 0.03930022958164732 0.0050232821715323174 0.022581552756494275 0.0019218712090638636 -0.01164697725765378 0.002296419332631916 -0.022857180775748099 0.0056475654366882518 -0.028650931638465993 -0.019617786868767029 -0.00062201763324387649 -0.014688726616735148 0.012569614373915751 -0.00627003877870882 0.0063924644348962723 -0.0067621403436534224 0.01067939545636727 -0.037248957205498277 0.021944622137090544 0.0013121621642818273 -0.019806570095711719 0.015444581830321226 0.0021517473476283856 0.0029860999273850775 -0.011798057879042468 0.002107472287036183 -0.00071761829313248264
leaf_weight=28 124 36 23 69 33 21 26 73 24 20 26 25 29 35 32 20 23 27 70 29 34 21 49 32 31 344 86 29 56 32
leaf_count=28 124 36 23 69 33 21 26 73 24 20 26 25 29 35 32 20 23 27 70 29 34 21 49 32 31 344 86 29 56 32
internal_value=0.00089582 0.00638298 0.00889831 0.0184783 -0.000361446 0.000889328 0.0180851 5.18135e-05 -0.0108247 0.00277778 -0.00605381 -0.0118182 -0.00647059 -0.000442478 -0.00517241 0.00454545 -0.0153846 0.00126728 -0.00471698 -0.000381679 0.00260931 0.00175953 -0.00903614 0.00325543 0.00631313 0.0052 -0.00270936 -0.00811966 -0.00294118 0.0106557
internal_weight=1507 272 236 92 1235 1012 47 965 97 144 223 110 85 113 87 55 52 868 159 131 709 682 83 599 396 375 203 117 85 61
internal_count=1507 272 236 92 1235 1012 47 965 97 144 223 110 85 113 87 55 52 868 159 131 709 682 83 599 396 375 203 117 85 61
cat_boundaries=0 1
cat_threshold=8193
is_linear=0
shrinkage=0.05


Tree=25
num_leaves=31
num_cat=2
split_feature=0 9 4 2 5 4 4 7 9 8 8 7 9 7 7 7 9 8 9 7 9 9 8 8 7 5 9 4 8 8
split_gain=9.45678 4.96961 4.07054 3.76445 4.20683 6.12151 5.35993 4.00476 3.86843 6.96283 3.54176 3.84251 5.33339 3.50039 3.49837 5.40918 6.35544 3.65719 2.92196 2.90194 3.89625 9.18198 3.84281 2.9082 3.42222 2.8979 3.1575 2.8701 3.68717 2.66284
threshold=0 127.50000000000001 1.5000000000000002 1 11.500000000000002 5.5000000000000009 4.5000000000000009 13.034473345 11.500000000000002 77.596281750000017 77.664333050000025 12.960101850000003 7.5000000000000009 12.879511000000003 12.921521900000002 12.961154200000001 173.50000000000003 77.617084150000011 14.500000000000002 13.048420250000001 110.50000000000001 114.50000000000001 77.635038200000011 77.568653200000014 12.983763250000001 6.5000000000000009 121.50000000000001 1.5000000000000002 77.559053450000008 77.653325450000025
decision_type=9 2 2 9 2 2 2 2 2 2 2 2 2 2 2 2 2 2 2 2 2 2 2 2 2 2 2 2 2 2
left_child=3 2 -2 4 5 8 27 -8 10 -10 11 -1 -13 29 -15 17 19 -16 -19 20 22 -22 23 24 -17 26 -23 -6 -29 -5
right_child=1 -3 -4 13 6 -7 7 -9 9 -11 -12 12 -14 14 15 16 -18 18 -20 -21 21 25 -24 -25 -26 -27 -28 28 -30 -31
leaf_value=-0.01189734959374722 -0.0045363225869574867 0.067899493958537629 0.0447870821420914 0.026028866818322994 -0.011982071074000867 0.0096401758322696932 -0.020461299426337523 -0.039295834478978268 -0.0027029749325601874 0.0075809776165474685 0.0088171793298133638 0.0040551218714457221 -0.017671807028201991 -0.014601335866564048 0.0091033174382045175 -0.015269497477537209 -0.024699826172983042 -0.0031755618005126387 0.0080916578349229159 0.0062374796157813163 -0.029222824578417884 -0.018411074730023302 -0.0035585976114077544 0.0075718682029581987 0.0052912002027319278 0.0012276415843947342 -0.0037898537465895 0.0027779178138748642 -0.0033614373674907051 0.00056830245399925878
leaf_weight=27 20 22 59 22 41 58 35 21 248 64 21 35 31 79 115 21 30 27 21 43 22 23 48 86 45 74 74 35 59 21
leaf_count=27 20 22 59 22 41 58 35 21 248 64 21 35 31 79 115 21 30 27 21 43 22 23 48 86 45 74 74 35 59 21
internal_value=-9.82318e-05 0.013964 0.00949367 -0.00118384 -0.00386861 -0.00144628 -0.0102094 -0.0232143 -0.00352113 -0.000641026 -0.0114035 -0.0155914 -0.00909091 0.00124836 0.000423729 0.00166932 -0.00107296 0.0095092 -0.00208333 0.000458716 -0.000890585 -0.00595855 0.004 0.00789474 0 -0.00204678 -0.00773196 -0.00481481 0 0.0151163
internal_weight=1527 101 79 1426 675 484 191 56 426 312 114 93 66 751 708 629 466 163 48 436 393 193 200 152 66 171 97 135 94 43
internal_count=1527 101 79 1426 675 484 191 56 426 312 114 93 66 751 708 629 466 163 48 436 393 193 200 152 66 171 97 135 94 43
cat_boundaries=0 1 2
cat_threshold=8355 2806798
is_linear=0
shrinkage=0.05


Tree=26
num_leaves=31
num_cat=1
split_feature=0 8 8 7 5 9 8 3 9 8 3 3 9 9 9 8 9 8 8 8 7 7 8 8 3 9 5 9 8 3
split_gain=5.42433 3.87021 4.51132 3.25818 3.04634 2.94972 3.61985 3.90403 3.60811 3.93906 3.70794 6.02193 3.07661 5.5312 2.8 2.72443 6.27912 6.02685 5.0679 8.62147 4.20657 5.12 3.77843 4.03242 3.54254 2.68473 2.67273 2.67184 2.57688 5.07235
threshold=0 77.596900850000011 77.58404560000001 12.989965100000001 1.5000000000000002 121.50000000000001 77.567951300000018 19.500000000000004 125.50000000000001 77.58606140000002 3.5000000000000004 17.500000000000004 108.50000000000001 113.50000000000001 27.500000000000004 77.592684800000015 12.500000000000002 77.588875800000011 77.633139900000018 77.603190500000011 13.008188250000002 12.923799950000001 77.599994350000017 77.629984950000008 22.500000000000004 78.000000000000014 1.5000000000000002 38.500000000000007 77.541791350000025 5.5000000000000009
decision_type=9 2 2 2 2 2 2 2 2 2 2 2 2 2 2 2 2 2 2 2 2 2 2 2 2 2 2 2 2 2
left_child=1 2 3 14 -3 12 7 -7 -8 -10 -11 -12 15 -14 -1 17 22 24 19 -18 21 -20 -17 -24 25 27 -21 28 29 -2
right_child=5 4 -4 -5 -6 6 8 -9 9 10 11 -13 13 -15 -16 16 18 -19 20 26 -22 -23 23 -25 -26 -27 -28 -29 -30 -31
leaf_value=-0.014318149865570741 0.0012723780226028048 0.022481677131672262 -0.016653081670451163 0.018550583648958209 0.014029503680541589 0.0079584697089528419 0.0079869871156128987 -0.00048395649867649659 -0.011779961950469309 0.011987867610320224 -0.011426927982179081 0.011820267396834195 -0.010234857069477543 -0.0019708361122234399 0.0078465850510586188 0.015623783129201452 0.0016256969865305227 -0.0234915546063071 0.0091922286244481965 0.0071875949237636188 0.014195516615163762 -0.022598155878355987 -0.012259761459821984 -0.00016238336537064413 -0.01267902791106963 0.015245971307806428 0.018084613352606495 -0.023597172074249897 0.00061295290713525574 -0.0067529484311567691
leaf_weight=20 63 29 35 44 62 39 30 21 43 26 39 43 34 73 36 23 67 23 25 27 21 25 70 113 24 30 33 25 281 80
leaf_count=20 63 29 35 44 62 39 30 21 43 26 39 43 34 73 36 23 67 23 25 27 21 25 70 113 24 30 33 25 281 80
internal_value=0.000664894 0.00762712 0.00259259 0.008 0.0159341 -0.000621118 0.00435685 0.015 0.000828729 -0.00231788 0.00277778 -0.00243902 -0.00178399 -0.00981308 0 -0.000860215 0.00222772 -0.00323194 0.00858586 0.0145669 -0.00211268 -0.01 -0.0038835 -0.00628415 -0.00208748 -0.00114823 0.0283333 -0.00211581 -0.00117925 -0.00664336
internal_weight=1504 226 135 100 91 1278 241 60 181 151 108 82 1037 107 56 930 404 526 198 127 71 50 206 183 503 479 60 449 424 143
internal_count=1504 226 135 100 91 1278 241 60 181 151 108 82 1037 107 56 930 404 526 198 127 71 50 206 183 503 479 60 449 424 143
cat_boundaries=0 1
cat_threshold=4198
is_linear=0
shrinkage=0.05


Tree=27
num_leaves=31
num_cat=2
split_feature=0 2 9 5 7 7 4 5 9 7 9 8 8 4 4 8 8 7 5 9 7 7 9 7 9 7 9 7 7 9
split_gain=12.3986 6.54048 4.31649 3.43027 2.55059 2.62894 2.40696 2.95265 3.96131 1.94612 2.56669 3.01574 5.40859 3.96016 2.40676 3.67298 3.26877 2.54512 2.94737 4.67727 2.11722 2.1039 3.8141 6.02006 5.07918 3.46406 2.89984 2.8993 4.18026 3.19275
threshold=0 1 22.500000000000004 6.5000000000000009 12.914937200000002 12.973067050000003 2.5000000000000004 11.500000000000002 7.5000000000000009 12.89048745 176.00000000000003 77.504275600000014 77.523654945000018 3.5000000000000004 2.5000000000000004 77.577022100000008 77.537102700000005 12.99283615 1.5000000000000002 26.500000000000004 13.039179950000003 13.041375850000001 29.500000000000004 12.957712100000002 33.500000000000007 13.014670450000002 8.5000000000000018 12.966062750000003 12.975915300000002 10.500000000000002
decision_type=9 9 2 2 2 2 2 2 2 2 2 2 2 2 2 2 2 2 2 2 2 2 2 2 2 2 2 2 2 2
left_child=1 4 3 -2 -1 -6 -7 8 -8 -3 11 -11 13 20 15 -14 -16 -17 -19 -20 -13 22 23 26 -24 -26 -18 -25 -29 -30
right_child=2 9 -4 -5 5 6 7 -9 -10 10 -12 12 14 -15 16 17 21 18 19 -21 -22 -23 24 27 25 -27 -28 28 29 -31
leaf_value=-0.013325016456096673 -0.014235944442188809 0.0063846170497948058 0.049671745168766712 0.037929670391500282 0.0093608875180538394 -2.4573341745770527e-05 0.0043000478429174758 -0.014536670249017104 0.016988144022167685 -0.010679335096177012 -0.011885791022898662 0.021221283394630832 -0.010149618751596125 -0.0029450377501830105 0.012599277351880845 -0.0025257244362066004 -0.013028735897607602 -0.008752057682466341 -0.006924984184940231 0.017633499654134577 0.0056173044249670963 -0.016529807804340147 -0.021481555077318061 0.0074107319638076711 0.00022129986477568143 -0.01959794936281313 0.00018457626078567381 -0.015360214660420413 0.010067728786460617 0.0020003060447064459
leaf_weight=40 23 39 58 21 59 83 22 31 42 38 35 28 151 32 27 175 28 25 22 48 24 42 25 24 183 26 25 20 36 95
leaf_count=40 23 39 58 21 59 83 22 31 42 38 35 28 151 32 27 175 28 25 22 48 24 42 25 24 183 26 25 20 36 95
internal_value=0.000949574 -0.000313589 0.0169643 0.00681818 0.00644599 0.00864979 0.00561798 0.0110526 0.0171875 -0.00198618 -0.00238954 -0.00195531 -0.00144788 0.0107143 -0.00252101 -0.00534442 -0.000282486 -0.00185185 0.00473684 0.01 0.0192308 -0.00119048 -0.00021645 0.00438596 -0.00470085 -0.00215311 -0.0103774 0.00885714 0.00629139 0.00954198
internal_weight=1527 1425 102 44 277 237 178 95 64 1148 1109 1074 1036 84 952 421 531 270 95 70 52 504 462 228 234 209 53 175 151 131
internal_count=1527 1425 102 44 277 237 178 95 64 1148 1109 1074 1036 84 952 421 531 270 95 70 52 504 462 228 234 209 53 175 151 131
cat_boundaries=0 1 2
cat_threshold=8355 74472
is_linear=0
shrinkage=0.05


Tree=28
num_leaves=31
num_cat=2
split_feature=0 3 3 7 7 8 2 3 3 3 8 7 3 4 7 9 9 9 7 8 7 8 3 9 7 7 7 4 3 8
split_gain=12.1448 4.56672 4.10005 4.03767 4.92841 3.39496 3.8963 4.34797 5.85344 4.71988 4.65974 4.3391 3.71212 2.90885 2.55515 3.22241 2.34783 2.27258 3.27218 4.8649 4.13822 3.7184 2.55133 3.45644 2.97841 2.52964 2.14301 4.71926 4.10585 4.09565
threshold=0 21.500000000000004 7.5000000000000009 13.039179950000003 12.968312500000001 77.722312375000016 1 11.500000000000002 22.500000000000004 6.5000000000000009 77.584202500000018 12.956065050000001 20.500000000000004 2.5000000000000004 12.989965100000001 18.500000000000004 12.500000000000002 36.500000000000007 13.014567850000001 77.545254000000014 12.994303750000002 77.610639050000017 1.5000000000000002 7.5000000000000009 12.966275500000002 12.957276425000002 13.004140100000003 5.5000000000000009 20.500000000000004 77.507068050000015
decision_type=9 2 2 2 2 2 9 2 2 2 2 2 2 2 2 2 2 2 2 2 2 2 2 2 2 2 2 2 2 2
left_child=5 2 -2 4 -4 6 26 9 11 17 -11 12 -9 14 -13 -16 -15 18 20 -20 22 -21 -8 -24 25 -25 29 28 -28 -1
right_child=1 -3 3 -5 -6 -7 7 8 -10 10 -12 13 -14 16 15 -17 -18 -19 19 21 -22 -23 23 24 -26 -27 27 -29 -30 -31
leaf_value=0.0050599331225773987 0.0031153469434433536 -0.0032721216042496783 0.042850176425455813 0.042674265467020273 0.00027150097891923689 -0.010866646576308892 -0.018862109868996804 0.0076367547822888465 -0.011537595577936344 -0.011184705018366804 -0.024272003294535629 -0.0027428327728681091 -0.018722184190802651 0.019610785155371825 0.011908067189663453 -0.0021288708086011575 0.0033341117371124443 -0.036636877904997554 0.0043818405069444791 -0.010502591595853095 0.016310518599040025 0.00058708523476360688 -0.0080730277599928343 0.0050325662523090231 -0.0048989802848628423 0.013515359412157757 0.0027744077713336649 -0.033631957769673919 -0.0050043916884495391 0.0012993169242387804
leaf_weight=21 128 34 36 30 35 33 40 24 36 48 26 28 20 23 34 25 75 20 37 71 29 25 42 22 34 23 95 20 22 372
leaf_count=21 128 34 36 30 35 33 40 24 36 48 26 28 20 23 34 25 75 20 37 71 29 25 42 22 34 23 95 20 22 372
internal_value=0.00125995 0.0108059 0.0137555 0.0212871 0.0147887 -0.000836653 -0.000412541 -0.00289017 0.00207547 -0.00611511 -0.0175676 0.00502183 -0.00909091 0.00837838 0.00172414 0.00762712 0.0142857 -0.00364431 -0.00263158 -0.00864662 0.00157895 -0.0145833 -0.0015528 0.00206612 0.00822785 0.0166667 0.00277778 -0.00255474 0.00128205 0.00470738
internal_weight=1508 263 229 101 71 1245 1212 682 265 417 74 229 44 185 87 59 98 343 323 133 190 96 161 121 79 45 530 137 117 393
internal_count=1508 263 229 101 71 1245 1212 682 265 417 74 229 44 185 87 59 98 343 323 133 190 96 161 121 79 45 530 137 117 393
cat_boundaries=0 1 2
cat_threshold=8321 14496
is_linear=0
shrinkage=0.05


Tree=29
num_leaves=31
num_cat=2
split_feature=0 2 8 3 7 7 9 9 8 8 7 8 7 7 7 8 3 3 9 9 9 8 9 9 7 4 9 9 7 3
split_gain=6.48045 3.89249 4.04782 2.3872 2.95705 2.45619 2.31466 2.14032 1.75961 1.79187 2.10217 3.57061 2.46865 4.0873 2.89295 2.45981 9.92064 4.63872 4.6368 2.78955 4.72962 5.39245 2.5822 2.41379 2.14603 1.89888 1.86505 1.69393 2.58636 4.28431
threshold=0 1 77.688478950000004 9.5000000000000018 13.043666650000002 12.974092650000001 3.5000000000000004 27.500000000000004 77.501310100000026 77.66932300000002 13.095942930000001 77.608640400000013 13.004140100000003 12.99283615 13.018069700000003 77.546698500000005 20.500000000000004 1.5000000000000002 169.50000000000003 86.500000000000014 12.500000000000002 77.617084150000011 7.5000000000000009 121.50000000000001 12.966425000000001 4.5000000000000009 109.50000000000001 35.500000000000007 13.034473345 1.0000000180025095e-35
decision_type=9 9 2 2 2 2 2 2 2 2 2 2 2 2 2 2 2 2 2 2 2 2 2 2 2 2 2 2 2 2
left_child=3 27 6 -1 5 -5 -3 -7 -8 10 12 -12 13 15 -14 16 24 -17 19 20 21 22 -19 26 -10 -16 -21 28 29 -2
right_child=1 2 -4 4 -6 7 8 -9 9 -11 11 -13 14 -15 25 17 -18 18 -20 23 -22 -23 -24 -25 -26 -27 -28 -29 -30 -31
leaf_value=0.0017967287804285137 -0.01701997253755725 0.014142231916524729 -0.0022658155603067056 0.019037612096862767 0.045213329157683502 0.01049352460693247 0.00099172041575377188 -0.0062007744636008114 0.012614638512628963 0.0054622102853535311 0.0097144182789526759 -0.00067566046973919222 -0.025193231801209293 0.010274214198828758 -0.0034625945434793915 -0.0073812596760648337 -0.012613566051595538 -0.0026562958436264772 0.014959606083551924 -0.0077995082770366819 0.010601041271881974 -0.032208564179883672 0.010908151800013744 0.00026041413703689067 0.0056572384358216654 0.0034190519429114111 -0.017332246854608348 -0.018391818125007377 -0.0089041127461858324 0.00028551116654538248
leaf_weight=110 27 30 110 39 21 24 21 22 28 28 24 25 27 30 64 30 21 20 22 26 36 27 23 70 35 25 32 58 105 362
leaf_count=110 27 30 110 39 21 24 21 22 28 28 24 25 27 30 64 30 21 20 22 26 36 27 23 70 35 25 32 58 105 362
internal_value=0.000591327 -0.000759878 0.00157068 0.00840708 0.0141509 0.01 0.00310559 0.00217391 0.002443 0.00193929 0.00132743 0.0112245 0.000387597 0.00225 -0.00603448 0.000810811 0.00833333 -0.0013986 0.00078125 -0.00128205 0.00471698 -0.00285714 0.00813953 -0.00625 0.018254 -0.00168539 -0.0137931 -0.00391459 -0.00303644 -0.00115681
internal_weight=1522 1306 754 216 106 85 644 46 614 593 565 49 516 400 116 370 84 286 256 234 106 70 43 128 63 89 58 552 494 389
internal_count=1522 1306 754 216 106 85 644 46 614 593 565 49 516 400 116 370 84 286 256 234 106 70 43 128 63 89 58 552 494 389
cat_boundaries=0 1 2
cat_threshold=4196 3052614
is_linear=0
shrinkage=0.05


Tree=30
num_leaves=31
num_cat=1
split_feature=0 9 4 3 4 3 8 3 8 4 8 3 5 4 9 9 7 3 7 4 8 7 3 7 9 5 4 9 3 5
split_gain=4.38474 5.1718 3.04629 2.99202 4.49775 2.35288 4.26807 5.02969 4.86639 4.45144 2.7844 4.19274 3.48905 5.46663 2.91798 7.10787 4.598 3.03596 6.17819 5.4193 6.09968 4.83625 4.72576 5.66799 6.02814 4.88215 3.81366 4.34603 4.57444 3.36661
threshold=0 127.50000000000001 1.5000000000000002 22.500000000000004 2.5000000000000004 1.5000000000000002 77.547316850000016 1.0000000180025095e-35 77.583390800000018 4.5000000000000009 77.676565700000012 4.5000000000000009 1.5000000000000002 2.5000000000000004 136.50000000000003 182.50000000000003 12.994303750000002 10.500000000000002 13.034850200000003 5.5000000000000009 77.537897700000016 12.911606400000002 8.5000000000000018 12.957712100000002 11.500000000000002 6.5000000000000009 3.5000000000000004 106.50000000000001 4.5000000000000009 11.500000000000002
decision_type=9 2 2 2 2 2 2 2 2 2 2 2 2 2 2 2 2 2 2 2 2 2 2 2 2 2 2 2 2 2
left_child=3 2 -2 5 -5 6 7 -1 -8 -10 14 -12 -13 -14 17 16 -16 18 21 20 -19 -7 23 -23 25 -25 -26 28 -28 -22
right_child=1 -3 -4 4 -6 10 8 -9 9 -11 11 12 13 -15 15 -17 -18 19 -20 -21 29 22 -24 24 26 -27 27 -29 -30 -31
leaf_value=0.0090779916928450007 -0.0078695747647615118 0.04742384918615921 0.022332655095688693 -0.020502332084249366 3.7146323478931548e-05 -0.020080780624454578 -0.016579214547174339 -0.013156697054718848 0.00087881074068452136 -0.0085248983469138565 0.007606675095035687 -0.014649926937343528 0.010187499632196673 -0.0093594684700591731 0.01556195498129156 -0.012602338621624644 0.0021987485522419583 -0.0052226050031095594 -0.006645467216887602 0.015716602917517666 0.0015187021151194192 0.008472250854217345 -0.0087414911316133111 -0.0056352983859793149 -0.0074957327151084054 0.010481638682231864 0.0028524431905250004 0.024920302403963548 -0.010471755834618858 0.0061320312676340196
leaf_weight=30 21 22 65 29 40 36 34 21 71 28 28 23 34 41 39 20 20 67 102 31 207 93 23 29 136 37 32 20 38 81
leaf_count=30 21 22 65 29 40 36 34 21 71 28 28 23 34 41 39 20 20 67 102 31 207 93 23 29 136 37 32 20 38 81
internal_value=6.67557e-05 0.00932203 0.00465116 -0.000714286 -0.0108696 -0.000189251 -0.00543478 0.00686275 -0.0101504 -0.00454545 0.000659631 -0.00634921 -0.0112245 -0.006 0.00153314 0.0107595 0.0194915 0.000751073 -0.00164835 0.00414508 0.00239437 0.000900901 0.00245098 0.00376623 0.000342466 0.0136364 -0.00353982 0.00444444 -0.00142857 0.00555556
internal_weight=1498 108 86 1390 69 1321 184 51 133 99 1137 126 98 75 1011 79 59 932 546 386 355 444 408 385 292 66 226 90 70 288
internal_count=1498 108 86 1390 69 1321 184 51 133 99 1137 126 98 75 1011 79 59 932 546 386 355 444 408 385 292 66 226 90 70 288
cat_boundaries=0 1
cat_threshold=8227
is_linear=0
shrinkage=0.05


Tree=31
num_leaves=31
num_cat=1
split_feature=2 8 3 3 3 7 3 8 9 9 7 7 7 7 7 8 9 9 9 9 8 8 3 8 8 3 8 3 9 9
split_gain=9.84 5.79339 3.39969 10.552 7.56226 3.39671 3.30612 3.21905 3.20492 6.71315 3.86215 3.05349 4.95929 4.89169 2.98574 2.70329 2.70201 2.6897 5.20478 5.49129 2.64525 5.27479 4.85035 3.96611 2.73189 2.97619 2.32145 2.86957 2.29946 3.75621
threshold=0 77.709378750000013 10.500000000000002 5.5000000000000009 17.500000000000004 12.975915300000002 22.500000000000004 77.530179100000012 121.50000000000001 20.500000000000004 12.944739500000003 12.916336300000003 12.968312500000001 13.095942930000001 12.917152650000002 77.598289650000012 173.50000000000003 31.500000000000004 110.50000000000001 97.500000000000014 77.615317100000013 77.596281750000017 4.5000000000000009 77.629984950000008 77.66932300000002 7.5000000000000009 77.540993500000013 18.500000000000004 29.500000000000004 20.500000000000004
decision_type=9 2 2 2 2 2 2 2 2 2 2 2 2 2 2 2 2 2 2 2 2 2 2 2 2 2 2 2 2 2
left_child=1 8 3 7 -4 -6 -7 -2 9 20 14 -11 15 17 -10 26 -12 -14 19 -19 21 -1 -23 -22 25 -25 27 -13 29 -9
right_child=2 -3 4 -5 5 6 -8 28 10 11 16 12 13 -15 -16 -17 -18 18 -20 -21 23 22 -24 24 -26 -27 -28 -29 -30 -31
leaf_value=0.0029623917177048157 0.0085793702484923805 -0.0044590570923270121 0.029515355559689895 -0.017861179536487536 -0.0049342923498848839 0.002622307896761056 -0.010750280085330256 -0.0032368972646815044 0.011280562319722121 -0.014609561883675549 0.0065928147566605595 0.014331178384827715 -0.019512602838709748 0.010960583420332194 0.014377414709500347 0.005158668644853215 -0.0034877263596427514 -0.0039914399882471805 -0.014584087965387793 0.015734048493382027 -0.0058700662177351816 0.0049740482303591189 0.016645457878814395 0.0034999055143326132 -0.0013142358800087184 0.026371733468475534 -0.00063775104820179562 -0.00049630893882369749 -0.0087999954139070143 0.0046720607150009252
leaf_weight=116 21 71 20 73 54 126 21 130 35 34 166 24 21 23 22 35 30 24 55 27 47 22 30 32 31 28 132 22 20 39
leaf_count=116 21 71 20 73 54 126 21 130 35 34 166 24 21 23 22 35 30 24 55 27 47 22 30 32 31 28 132 22 20 39
internal_value=0.00179621 0.00458052 -0.00389105 -0.00759717 0.000678733 -0.00223881 0.00170068 -0.00190476 0.00564854 0.00391181 0.0104743 -0.000377834 0.000964187 -0.006 0.0219298 0.00586854 0.00714286 -0.00984252 -0.00660377 0.00490196 0.00947712 0.0136905 0.0269231 0.00434783 0.0104396 0.0166667 0.00337079 0.0130435 -0.00396825 -0.00207101
internal_weight=1531 1027 504 283 221 201 147 210 956 703 253 397 363 150 57 213 196 127 106 51 306 168 52 138 91 60 178 46 189 169
internal_count=1531 1027 504 283 221 201 147 210 956 703 253 397 363 150 57 213 196 127 106 51 306 168 52 138 91 60 178 46 189 169
cat_boundaries=0 1
cat_threshold=1056489
is_linear=0
shrinkage=0.05


Tree=32
num_leaves=31
num_cat=2
split_feature=0 2 7 8 7 7 7 7 7 9 7 3 9 8 8 8 8 7 8 8 9 3 9 7 3 9 9 4 7 9
split_gain=6.13883 3.15641 4.50915 4.82934 7.99021 4.18554 5.51538 4.75721 4.08001 4.05146 3.3707 3.35708 4.61742 3.13682 3.70936 3.11643 5.1886 4.59727 4.11599 4.10636 3.57005 3.0375 2.92196 2.58781 2.5 2.19797 3.68799 5.32001 4.17234 4.17112
threshold=0 1 12.961154200000001 77.595868100000018 12.921521900000002 12.956065050000001 13.037931250000002 13.026988900000001 13.015946100000003 173.50000000000003 13.0108075 3.5000000000000004 29.500000000000004 77.611165150000019 77.591137250000017 77.58404560000001 77.569551700000019 12.996146600000001 77.609870100000009 77.596281750000017 26.500000000000004 16.500000000000004 28.500000000000004 12.925470600000002 3.5000000000000004 21.500000000000004 118.50000000000001 1.0000000180025095e-35 12.979222500000001 110.50000000000001
decision_type=9 9 2 2 2 2 2 2 2 2 2 2 2 2 2 2 2 2 2 2 2 2 2 2 2 2 2 2 2 2
left_child=1 2 3 4 -1 11 7 8 10 25 15 -3 23 14 -2 16 22 18 19 20 -17 24 -7 -13 -8 -4 29 -28 -29 -27
right_child=13 5 9 -5 -6 6 21 -9 -10 -11 -12 12 -14 -15 -16 17 -18 -19 -20 -21 -22 -23 -24 -25 -26 26 27 28 -30 -31
leaf_value=-0.0044698421866097076 0.029565856439528405 -0.015940018075278829 0.0027493184098847049 0.0011444371001812393 0.013177269760962141 0.007773763110951926 -0.01640927023097415 0.021494285183320506 -0.0089114730311063879 -0.014747022507704589 0.022482448191050254 -0.00088526969155067192 0.0025820266124755853 0.047286746315115473 -0.018147210808804614 0.006454860198799795 -0.017025805601559276 0.009374188317643228 -0.0090534138532147208 0.0057216417818273697 -0.0242198179270674 -0.0029237250407307294 -0.014287236997886966 -0.0050303041384835217 -0.02708370353145835 -0.00098220309316925385 0.020771253260630652 -0.010869230615499315 0.0027036100076711202 -0.015157883184786058
leaf_weight=34 44 29 267 180 58 27 20 23 28 29 21 31 30 47 21 23 28 29 49 34 44 24 21 50 20 111 21 44 108 55
leaf_count=34 44 29 267 180 58 27 20 23 28 29 21 31 30 47 21 23 28 29 49 34 44 24 21 50 20 111 21 44 108 55
internal_value=0.000709677 -0.000207182 0.00158124 0.00698529 0.0163043 -0.00323475 -0.000639386 0.00198777 0.000328947 -0.000708661 0.00217391 -0.0107143 -0.00675676 0.0114754 0.00538462 0.000588235 -0.00789474 0.00418994 0.000666667 0.00643564 -0.000746269 -0.0140625 0.00208333 -0.012963 -0.0225 0.000165017 -0.00250737 0.00260116 -0.000657895 -0.00783133
internal_weight=1550 1438 907 272 92 531 391 327 304 635 276 140 111 112 65 255 76 179 150 101 67 64 48 81 40 606 339 173 152 166
internal_count=1550 1438 907 272 92 531 391 327 304 635 276 140 111 112 65 255 76 179 150 101 67 64 48 81 40 606 339 173 152 166
cat_boundaries=0 1 2
cat_threshold=8227 539368
is_linear=0
shrinkage=0.05


Tree=33
num_leaves=31
num_cat=2
split_feature=2 7 8 3 7 8 3 8 5 8 8 3 3 8 2 3 7 7 5 7 9 5 5 9 8 7 3 8 8 9
split_gain=4.88546 3.72517 3.50942 6.2908 5.29038 6.99548 3.97831 3.46467 5.11082 4.48525 4.59864 4.12571 2.9914 5.65296 2.76155 5.39517 3.58468 3.22902 3.27273 2.71033 2.66359 3.14685 2.60092 3.31084 4.36987 2.81785 2.50823 5.68116 3.38346 3.5181
threshold=0 12.935880500000001 77.546698500000005 1.0000000180025095e-35 13.028995850000003 77.528000150000011 4.5000000000000009 77.633139900000018 6.5000000000000009 77.596281750000017 77.606674800000022 1.0000000180025095e-35 2.5000000000000004 77.584202500000018 1 1.5000000000000002 12.950812300000001 13.048420250000001 6.5000000000000009 13.000177650000001 8.5000000000000018 6.5000000000000009 1.5000000000000002 12.500000000000002 77.604350050000008 13.084851650000003 3.5000000000000004 77.580621150000013 77.705481800000015 125.50000000000001
decision_type=9 2 2 2 2 2 2 2 2 2 2 2 2 2 9 2 2 2 2 2 2 2 2 2 2 2 2 2 2 2
left_child=1 -1 3 -2 5 20 -6 9 -9 11 -11 -3 13 -13 22 16 -16 26 -19 -18 -5 -22 23 -4 -25 -24 27 -17 -28 -30
right_child=2 7 14 4 6 -7 -8 8 -10 10 -12 12 -14 -15 15 17 19 18 -20 -21 21 -23 25 24 -26 -27 28 -29 29 -31
leaf_value=-0.0203150357878502 0.010865036161149222 -0.024566590636098552 0.00020677094167907974 -0.012007343005239757 0.0068124953131712303 0.011543614642871082 -0.0047929486442841677 -0.013286560539591341 0.0015783380916721268 0.0087164637422228793 0.00075349285632155818 0.02680892934949386 -0.0012220768572797525 -0.007216843525316952 0.0088667766207383598 -0.0089160161307063387 -0.015907216110453294 0.015346345634947368 0.0010163839656867958 -0.0093666320632613161 -0.001315681489831011 0.0093661863225411816 0.0032609036407769132 0.0081830234448140981 0.016537489327029808 -0.0008931796133111237 -0.00018934734401785392 0.015773554091431354 -0.00030391236563053208 -0.0204005891327846
leaf_weight=28 23 20 28 21 27 45 74 31 20 21 28 20 231 21 21 27 21 22 22 23 39 33 166 20 23 48 342 23 34 23
leaf_count=28 23 20 28 21 27 45 74 31 20 21 28 20 231 21 21 27 21 22 22 23 39 33 166 20 23 48 342 23 34 23
internal_value=0.000819672 -0.00372093 0.00255605 0.00763359 0.00523013 0.0115942 -0.00346535 -0.00255102 -0.0147059 -0.000733138 0.0132653 -0.00308219 -0.00147059 0.0109756 0.0010083 -0.00105634 -0.0146154 0.000709939 0.0136364 -0.0227273 0.00376344 0.00833333 0.00491525 0.0133803 0.022093 0.00233645 -0.000556793 0.01 -0.0018797 -0.0131579
internal_weight=1525 420 1105 262 239 138 101 392 51 341 49 292 272 41 843 558 65 493 44 44 93 72 285 71 43 214 449 50 399 57
internal_count=1525 420 1105 262 239 138 101 392 51 341 49 292 272 41 843 558 65 493 44 44 93 72 285 71 43 214 449 50 399 57
cat_boundaries=0 1 2
cat_threshold=2499590 1069225
is_linear=0
shrinkage=0.05


end of trees

feature_importances:
corridor_recent_count=234
latitude=228
longitude=193
hour=173
dow=72
month=54
corridor=34
event_cause=31
is_weekend=1

parameters:
[boosting: gbdt]
[objective: regression_l1]
[metric: l1]
[tree_learner: serial]
[device_type: cpu]
[data_sample_strategy: bagging]
[data: ]
[valid: ]
[num_iterations: 500]
[learning_rate: 0.05]
[num_leaves: 31]
[num_threads: 0]
[seed: 42]
[deterministic: 0]
[force_col_wise: 0]
[force_row_wise: 0]
[histogram_pool_size: -1]
[max_depth: -1]
[min_data_in_leaf: 20]
[min_sum_hessian_in_leaf: 0.001]
[bagging_fraction: 0.9]
[pos_bagging_fraction: 1]
[neg_bagging_fraction: 1]
[bagging_freq: 1]
[bagging_seed: 400]
[bagging_by_query: 0]
[feature_fraction: 0.9]
[feature_fraction_bynode: 1]
[feature_fraction_seed: 30056]
[extra_trees: 0]
[extra_seed: 12879]
[early_stopping_round: 0]
[early_stopping_min_delta: 0]
[first_metric_only: 0]
[max_delta_step: 0]
[lambda_l1: 0]
[lambda_l2: 0]
[linear_lambda: 0]
[min_gain_to_split: 0]
[drop_rate: 0.1]
[max_drop: 50]
[skip_drop: 0.5]
[xgboost_dart_mode: 0]
[uniform_drop: 0]
[drop_seed: 17869]
[top_rate: 0.2]
[other_rate: 0.1]
[min_data_per_group: 100]
[max_cat_threshold: 32]
[cat_l2: 10]
[cat_smooth: 10]
[max_cat_to_onehot: 4]
[top_k: 20]
[monotone_constraints: ]
[monotone_constraints_method: basic]
[monotone_penalty: 0]
[feature_contri: ]
[forcedsplits_filename: ]
[refit_decay_rate: 0.9]
[cegb_tradeoff: 1]
[cegb_penalty_split: 0]
[cegb_penalty_feature_lazy: ]
[cegb_penalty_feature_coupled: ]
[path_smooth: 0]
[interaction_constraints: ]
[verbosity: -1]
[saved_feature_importance_type: 0]
[use_quantized_grad: 0]
[num_grad_quant_bins: 4]
[quant_train_renew_leaf: 0]
[stochastic_rounding: 1]
[linear_tree: 0]
[max_bin: 255]
[max_bin_by_feature: ]
[min_data_in_bin: 3]
[bin_construct_sample_cnt: 200000]
[data_random_seed: 175]
[is_enable_sparse: 1]
[enable_bundle: 1]
[use_missing: 1]
[zero_as_missing: 0]
[feature_pre_filter: 1]
[pre_partition: 0]
[two_round: 0]
[header: 0]
[label_column: ]
[weight_column: ]
[group_column: ]
[ignore_column: ]
[categorical_feature: 0,1,2]
[forcedbins_filename: ]
[precise_float_parser: 0]
[parser_config_file: ]
[objective_seed: 16083]
[num_class: 1]
[is_unbalance: 0]
[scale_pos_weight: 1]
[sigmoid: 1]
[boost_from_average: 1]
[reg_sqrt: 0]
[alpha: 0.9]
[fair_c: 1]
[poisson_max_delta_step: 0.7]
[tweedie_variance_power: 1.5]
[lambdarank_truncation_level: 30]
[lambdarank_norm: 1]
[label_gain: ]
[lambdarank_position_bias_regularization: 0]
[eval_at: ]
[multi_error_top_k: 1]
[auc_mu_weights: ]
[num_machines: 1]
[local_listen_port: 12400]
[time_out: 120]
[machine_list_filename: ]
[machines: ]
[gpu_platform_id: -1]
[gpu_device_id: -1]
[gpu_use_dp: 0]
[num_gpu: 1]

end of parameters

pandas_categorical:[["accident", "congestion", "construction", "debris", "fog / low visibility", "others", "pot_holes", "procession", "protest", "public_event", "road_conditions", "test_demo", "tree_fall", "vehicle_breakdown", "vip_movement", "water_logging"], ["planned", "unplanned"], ["Airport New South Road", "Bannerghata Road", "Bellary Road 1", "Bellary Road 2", "CBD 1", "CBD 2", "Hennur Main Road", "Hosur Road", "IRR(Thanisandra road)", "Magadi Road", "Mysore Road", "Non-corridor", "ORR East 1", "ORR East 2", "ORR North 1", "ORR North 2", "ORR West 1", "Old Airport Road", "Old Madras Road", "Tumkur Road", "Varthur Road", "West of Chord Road"]]
